pbbs_sequencePoint3d
-5.02926376417e-01 -7.48016746597e-01 -4.71676457427e-01
7.77011517331e-01 1.16346117629e-01 -4.81560410690e-01
-3.00467647286e-01 8.94115256096e-01 -2.23739198979e-01
9.82053002334e-01 -2.05681008848e-01 -9.59667218830e-01
8.68992593078e-01 -4.57300067627e-01 -4.89441058826e-02
3.93250767790e-01 7.65109675827e-01 4.06842552781e-01
5.61758953874e-01 -2.02000232973e-01 -1.07394087644e-01
7.10925139352e-01 7.04329632085e-01 8.04519547990e-01
9.96204580179e-01 4.81697923262e-01 -1.76535945002e-01
-5.36004762881e-01 9.46366641645e-01 4.37737810164e-01
9.58237178604e-01 -8.61020587320e-01 -2.20700610997e-01
-3.71440986810e-01 5.71466510916e-01 6.34988569485e-01
-4.18041410585e-01 7.87284332694e-02 -9.09921918022e-01
5.17379588223e-01 1.86763492034e-01 6.21091265055e-01
7.96361005770e-01 5.19227614402e-01 9.76147073310e-01
-7.11537722364e-01 9.77158389044e-01 -4.50631142338e-01
6.50576173165e-01 9.09929991658e-01 1.20438002572e-01
3.76563608356e-01 1.57334231379e-01 8.60640691063e-02
-5.59960217476e-02 2.26630406094e-01 -3.25358287117e-01
9.02932912997e-01 6.13641057915e-01 -2.75791215373e-01
-9.39906496061e-02 8.15396959807e-01 -7.95840260478e-01
-1.18249937481e-01 5.14743515064e-01 -3.51695217822e-01
-5.41600511196e-01 1.60793820937e-01 1.69346263245e-01
1.01098834118e-01 -4.51766079036e-01 9.96689717749e-02
-7.13505097997e-02 7.66936823617e-01 -7.87251107296e-01
-1.57856623250e-01 1.46401396555e-01 -3.29284391985e-01
9.44248371732e-01 2.68793856385e-01 -8.80784070064e-01
-7.55738829149e-01 -8.32946409394e-01 -5.37863245950e-01
-3.36432263877e-01 3.79861277239e-01 -9.00067075109e-01
6.75670946797e-01 4.95329236377e-01 -6.50766611868e-01
7.79384735869e-01 -4.18691753139e-01 7.03571136903e-01
8.04894509634e-01 -4.66659688608e-02 5.57654565926e-01
3.41484318181e-01 2.93776209137e-01 -7.05103993279e-01
3.36162917007e-01 -7.68146331314e-01 -8.76880544180e-01
-6.17482926518e-01 7.53284493346e-01 3.76678145200e-01
3.66449463352e-02 8.73468181991e-01 7.57066143564e-01
-6.49745438085e-01 6.70657929811e-01 3.44925998405e-01
6.80236079581e-01 -7.34569930348e-01 -8.72064265829e-02
3.58760446943e-01 3.50557530928e-01 -6.55067579660e-01
9.61891290714e-01 -4.10680857213e-01 3.41629005662e-01
-7.73101923882e-01 5.97047824225e-01 9.78286191811e-01
-7.98890541214e-01 1.74523071002e-01 8.75523763651e-01
-5.26777683537e-01 9.68005931921e-01 8.52652793216e-02
8.07768650263e-01 -5.87830517249e-01 7.54879621675e-01
-1.89731427091e-01 5.00623496017e-01 -5.57193200829e-01
4.86153192113e-02 7.32914938467e-01 9.81208153992e-01
1.10461622994e-01 -6.61912503495e-01 3.50605616975e-01
-3.69875736241e-01 2.49658664339e-01 9.22447397338e-01
3.29557056227e-01 -2.25815311645e-01 -5.12399650883e-01
6.78814483657e-01 -7.03524639692e-01 3.55359854808e-01
-8.85324221051e-01 3.34832546923e-01 6.78506107386e-02
-4.96871758018e-01 1.62470808794e-01 1.79060525810e-01
-5.38393078157e-01 -2.30132950111e-01 -2.98716704035e-01
-1.62316941266e-01 -3.03860921089e-01 -3.48722488316e-01
2.71021315489e-01 1.52260809742e-01 3.26246651973e-02
8.17250866358e-01 -1.08382850470e-01 4.68886405914e-01
4.92029586570e-01 1.11007296998e-01 -2.46538946986e-01
6.89927180153e-01 -8.65828175035e-01 -6.14469517774e-01
-8.83379886804e-01 5.93063771535e-01 -4.24964700558e-01
3.06166218271e-01 -9.71049344154e-01 7.22462560852e-01
-4.65812427209e-02 8.11853983352e-01 2.45739201664e-01
7.44061394475e-01 -5.57383731733e-01 -6.10233708569e-02
9.71661914127e-01 -3.25640333037e-02 -4.20377228139e-01
-4.40010139458e-01 -1.23731291445e-01 -4.64904029604e-01
8.00768329669e-01 -3.83479481276e-01 -6.69554517451e-01
7.67128560584e-01 -4.41399376579e-01 -4.87796397641e-01
5.27740133706e-01 8.08181621976e-01 6.86132203641e-01
-5.25588678906e-01 2.73974815977e-01 4.98150349361e-01
-3.66195491220e-01 8.01490820386e-02 -6.33764295668e-01
2.36698710936e-01 -8.99964470370e-01 6.54401893567e-01
1.16544304004e-01 7.62785518431e-01 -2.83872557471e-01
2.90436667991e-01 -9.96019479817e-01 -2.17663842820e-01
5.93110875037e-01 -1.91023208756e-01 5.32912915355e-01
-4.81999569331e-01 1.71468510838e-01 3.95088076310e-01
6.93879843547e-01 -7.73702231130e-01 -3.82269607569e-01
-8.15616276029e-01 2.36741367372e-01 5.55091121958e-01
-1.75633346278e-01 4.86269104987e-01 3.63679178694e-01
8.87788812578e-01 -4.72947809600e-01 4.31317493055e-01
5.05220260241e-01 5.25868227485e-01 9.01001050091e-01
-1.37789638312e-01 -6.75404366886e-01 -2.66817080447e-01
-8.41189087295e-01 7.22143422217e-02 -4.68983016661e-01
8.26864325361e-01 -5.12296007719e-01 5.86734658846e-01
-9.84392784529e-01 -4.39440818242e-01 -7.14464473405e-01
3.04424401980e-01 -8.19556421516e-01 9.72013169887e-01
5.41604529853e-01 6.79821805414e-02 -8.78684543017e-01
-4.02690702771e-01 -8.55881294168e-01 5.98000108077e-01
-3.00857575285e-01 5.67533469558e-01 9.47124178497e-01
8.16284868781e-01 3.77424237028e-01 -4.22233300015e-01
-9.53980177154e-02 -5.84981603355e-01 1.95085016636e-01
-5.93164475445e-01 -6.37362972664e-01 -3.66488797761e-03
-4.68423913917e-01 3.27454086080e-01 2.74496690032e-01
6.49219467141e-01 -8.22115733205e-01 7.60564948321e-01
-4.88792965882e-01 -7.92141724281e-01 -8.20319244554e-01
9.87009010737e-02 -4.63139177981e-01 7.18008482697e-01
3.74365049123e-01 -1.54833068678e-01 -9.88981348457e-01
-8.49095628527e-01 3.45426216417e-01 8.99489340326e-01
2.21365298713e-01 -6.62755452871e-01 4.63372369047e-01
-9.46449799438e-01 -3.40313845938e-01 -4.18182439366e-02
8.90253571742e-01 -5.73987528018e-02 -2.46745958108e-02
-5.60780034196e-01 4.72933738247e-01 -7.96597811299e-01
7.17649935613e-01 7.49905724893e-01 -6.02128591203e-01
3.11497491464e-01 -4.42420560607e-01 -3.35550253901e-01
-4.93423542703e-01 2.30648132614e-01 5.39610379161e-01
1.20354818702e-01 9.82558521434e-01 -6.25804585230e-01
6.57252624471e-01 6.17038691704e-03 -3.80417152951e-01
-1.20896389299e-01 -5.14426159446e-01 4.45915293622e-01
-9.60408379771e-02 2.49485613429e-01 4.24261175759e-01
-4.24249885336e-01 -9.56804589814e-02 -5.30646912535e-01
3.35173436131e-01 5.47334189316e-01 6.05062935317e-01
-3.48105198400e-01 -6.73060904105e-01 -7.32449274386e-01
3.77011258796e-01 -8.44765082861e-01 -6.22425099659e-01
7.63281620929e-01 3.66723031442e-01 2.43508237062e-01
3.90359121091e-01 -1.12119193707e-01 -3.69177008685e-01
-5.55652142761e-02 4.36885793431e-01 -9.47354459645e-02
2.86125268455e-01 -9.82847773462e-01 -1.42285143557e-01
7.52344618436e-01 3.00642565498e-01 -2.45968129135e-01
-3.21309371535e-01 -8.91957613589e-01 2.31893608920e-01
-4.83460537849e-01 -2.73822669533e-01 -4.26685802372e-01
-4.85903738758e-01 -9.02366754553e-01 8.52443866363e-01
5.80744632325e-01 5.06524202184e-01 7.76103689231e-01
7.38729512197e-01 -5.38516339631e-01 -9.26526161808e-01
-2.35993717907e-02 8.92064292865e-01 7.59698593877e-01
3.80605985122e-01 -4.04454255199e-01 2.35625930706e-01
7.42707741793e-02 -3.94513601155e-01 6.25605087553e-01
3.70807968718e-01 7.94252812767e-01 8.20383152841e-01
9.45309153733e-01 -6.57111901630e-01 -2.85989368002e-01
-6.83906195538e-01 7.01408983069e-01 -8.97775645320e-01
-4.50809307141e-01 1.75295763265e-01 8.99781067809e-01
-9.50026549376e-01 8.62672626908e-01 -8.43462494129e-01
-7.59203067869e-01 1.50301992032e-02 -5.69417917900e-01
-4.65464524676e-01 6.40264479742e-03 5.24591007514e-02
1.47016147686e-01 -9.52385143355e-01 9.33028489320e-01
-6.40816421081e-01 8.04332160300e-01 7.45399096862e-01
-2.00527092070e-01 -8.45795022252e-01 7.39676015330e-01
2.05321143011e-01 2.80127604157e-01 -7.57828714213e-01
-1.39530829685e-01 -7.03903325695e-01 9.98529695905e-01
-4.09088504226e-01 -9.89801963787e-01 8.40629807599e-01
-8.41639359408e-01 6.91328286050e-01 -4.67795283286e-01
-7.50073144096e-01 -7.21650623587e-01 -3.25214915595e-01
3.05233910356e-01 -2.29871179550e-01 1.32285059026e-01
9.71024099724e-01 -1.64886245115e-01 -7.20430965405e-01
1.41752040545e-01 3.04454782654e-01 5.15481195187e-01
-8.81699971334e-02 1.12188356515e-01 5.97696220315e-01
-1.79554976141e-01 6.72086732309e-01 4.97022294205e-01
7.39371352708e-01 2.46579802244e-01 -8.28734620395e-01
1.06292552830e-01 2.99769215891e-01 3.95543262081e-01
-5.04051061116e-01 -2.76144983841e-01 8.11100315215e-01
-1.56296064684e-01 -5.48163015185e-01 -4.87362035311e-01
8.54513893767e-01 5.68017118409e-01 7.40712662572e-02
8.65051602416e-02 2.55679886442e-01 -8.37307314313e-01
2.79538205489e-01 3.00210552896e-01 -9.58966064248e-01
2.40347098205e-01 9.49717995687e-01 3.57155493161e-01
6.79821817987e-01 3.92145154715e-01 9.08721607136e-01
-2.52404021682e-01 -1.21437137537e-01 -5.02422689694e-02
-5.32420738382e-01 -4.70799656338e-01 5.21204500236e-01
-7.78574152747e-01 4.31389510367e-01 2.78537952005e-01
-6.11843025131e-01 4.68898291452e-01 2.35480484662e-02
-9.39648020053e-01 -9.79806152629e-02 6.30061724982e-01
-4.33559412804e-01 -3.43877279825e-01 3.04671573129e-01
9.38059762091e-01 -1.60645203274e-01 -4.12484365707e-02
-8.65465289850e-01 -9.06090954275e-01 9.01316659479e-01
-5.52367321473e-02 4.29791475381e-01 -2.02513523960e-01
-2.31213133424e-01 3.97753735724e-01 4.48204909194e-01
-8.24039454490e-01 5.06484442161e-01 -8.85358816891e-01
7.59382252469e-01 -3.63486015873e-01 -5.91264207657e-01
-9.53900969566e-01 -4.65801769619e-01 2.73465173912e-01
-5.50337513699e-01 -2.67039297739e-01 -2.12732522382e-01
9.19686551168e-01 -8.37417474872e-01 -7.76146759175e-01
5.75268232997e-01 6.97815814380e-02 6.95323882483e-01
2.39846884850e-01 9.99947595410e-01 8.76739076747e-02
-3.92706317544e-01 7.67414268929e-01 -9.97939738444e-01
7.42815626665e-01 -2.76366635354e-02 -2.61547337874e-01
7.65913590214e-02 8.21761424570e-01 -9.38105979440e-02
2.50161546399e-02 -5.60428784490e-02 -9.48670156276e-01
1.98408348113e-01 1.36944891483e-01 -1.43324282553e-01
6.48983845324e-01 8.68157455636e-01 7.42274540356e-01
-4.19524571588e-01 1.11285307031e-01 -6.84835879917e-01
4.60035416977e-01 -6.07942386348e-01 5.26883063618e-01
-1.16946543156e-01 -5.61525723693e-01 -7.56512396856e-01
-9.38666593255e-01 1.43896195639e-01 -4.16651957397e-01
2.57600396526e-01 3.85699069773e-01 6.21770401309e-01
-6.94138330265e-01 -9.90742958146e-01 -2.56047536273e-01
-7.48595503973e-01 -9.64828117734e-01 -8.14419506031e-01
-4.38883658237e-01 -3.78132595391e-01 -8.24053675786e-01
9.51268401906e-01 1.16312093621e-01 1.84698975731e-02
1.11430416401e-01 -9.05382183336e-01 7.93303859324e-01
-1.17493062335e-02 3.98038815427e-01 4.41319235340e-01
-7.84320769731e-01 1.60825639572e-01 -6.48533397191e-01
1.25513986277e-01 8.08996264734e-01 -4.76543600893e-02
-3.19267644230e-01 -9.10136270295e-01 -7.13838870038e-03
4.76806211973e-01 4.78037958722e-01 4.55121819608e-01
-1.80678206114e-01 -5.15105267761e-01 -4.75722127816e-02
-2.27450807685e-02 1.17863518706e-01 8.28887040647e-01
-3.84112273056e-01 -6.43101485280e-01 9.19411748610e-01
-8.44137252236e-01 9.94484595021e-01 2.24074788030e-01
-9.67450743526e-01 -4.70825843267e-01 4.47592504065e-01
-5.02163412749e-01 -1.86718417884e-01 -4.18939225105e-01
7.42271668158e-01 -9.26923850517e-01 7.83866071973e-01
-1.41467820453e-01 3.57910556420e-01 1.01055125287e-01
8.57980568827e-01 -4.65669662443e-01 8.90878639599e-02
1.68270296496e-02 -7.31499797540e-01 8.02281313484e-01
-5.30625073952e-01 -1.77612185095e-01 2.84268736506e-01
-2.64653352678e-01 2.57214186367e-01 -9.53013120197e-01
-2.94507239617e-01 5.59402907062e-01 -9.58686626497e-01
-4.58639682950e-01 4.77398491221e-01 -1.78390231532e-01
-5.24385860900e-01 -3.56130532621e-01 3.32691052618e-01
-5.70559605756e-01 -5.72462084504e-01 -4.78447065911e-02
-9.37217391067e-01 8.41257962324e-01 -5.14817972442e-01
-1.85180124447e-01 -4.47057831775e-01 -2.60737218550e-01
-4.14798494156e-01 1.67730020903e-01 -5.71882210473e-01
-6.73083836061e-01 -9.14633834695e-01 9.63271822763e-01
3.14389744454e-01 -5.72664038079e-01 8.67081139175e-01
-9.73412896494e-01 -9.37491757766e-01 6.37105271983e-01
5.00069447560e-01 -2.87696683448e-01 6.24013115477e-01
9.73900873202e-01 -4.08857224234e-01 -8.30919585112e-01
-8.13014507207e-01 8.65996628006e-01 -5.39247193159e-01
6.62718164577e-01 1.40740578128e-02 6.56041205701e-01
5.44377928388e-01 6.69420092213e-01 -6.73170718678e-02
-7.79352545635e-01 4.46651085022e-01 9.19633233417e-02
-2.62379938393e-01 -9.13530355745e-03 3.39202472632e-01
-2.56953016509e-01 8.05187215938e-01 -1.93794108552e-01
-3.01407712186e-01 -3.35184830863e-01 -3.32384053307e-01
5.19440765735e-02 -1.94848037881e-01 -9.72831998939e-01
1.98146088607e-01 -4.08147855386e-01 -9.60052603837e-01
2.77445803060e-01 7.42193545095e-01 -5.64511404636e-02
-5.53430673458e-01 8.72508333005e-01 -9.83689744018e-01
-2.00859699957e-01 -1.01172195329e-01 -7.86849263025e-01
-2.14142248600e-01 5.92671449106e-01 -3.02955913499e-02
-7.99904727284e-01 9.60761184786e-01 9.68984516323e-01
-9.73099215875e-01 6.43718636429e-01 9.74560592312e-01
4.03788162118e-01 -3.06123426792e-01 -6.49274375126e-01
1.27325183771e-02 -4.18741964464e-01 -4.77828192281e-01
9.95473669840e-01 -3.60578042623e-02 -5.31860995354e-02
7.75049562461e-01 8.94202706355e-01 6.78439606763e-01
-5.09017416047e-01 -9.75571552280e-01 -2.38734066132e-01
6.42427121123e-01 6.75292279420e-01 3.04785608922e-01
-6.86217659938e-01 -1.18456243127e-01 -1.44967183073e-01
-3.22330225875e-01 -8.60076360339e-01 3.33136092561e-01
8.12216994265e-01 5.31845907463e-01 9.09934002864e-01
-7.05307384816e-01 -5.14914401581e-01 -1.53934530520e-01
2.44107375501e-01 -3.13474951924e-01 3.20177330319e-01
-4.78200350645e-01 -5.27005986090e-01 -4.32197731655e-01
7.40588488868e-01 2.31089348547e-01 5.06323514276e-01
-1.11481758352e-01 7.91028207071e-01 6.69444385296e-02
6.11494025035e-01 6.31601275705e-01 -3.45447617744e-02
-6.47792978980e-01 -7.40935708276e-01 8.96570705761e-01
-9.51638758160e-01 -8.59822750958e-01 -4.27635438474e-01
7.27017722431e-02 4.64509804484e-01 4.33095931743e-01
-7.92243786059e-01 -1.59499168005e-01 2.30934965066e-01
-1.06678940871e-01 9.64361407777e-01 3.41386697414e-02
-2.63636264607e-01 -6.99914890202e-01 -7.29311954104e-01
3.04914482546e-01 6.42073976641e-01 -1.85681074479e-01
3.75584459573e-01 6.16906561710e-01 -5.53011133127e-01
-9.86473267892e-01 6.50172122591e-01 9.73129678039e-02
-2.91386222137e-01 -6.99365482526e-01 3.33439705583e-01
-6.09423028123e-01 6.29475449971e-01 -7.72149240492e-01
-3.24773411418e-02 3.52496742435e-02 8.71462455891e-01
3.63758713642e-01 4.65564525437e-01 -5.39832298430e-01
4.13905586774e-01 -8.89972979152e-01 -6.20405807914e-01
9.14701558610e-01 4.07501594819e-01 7.31388544539e-01
-6.25249816862e-01 7.87799824862e-01 -9.22331893780e-01
3.58514334242e-02 8.68890215582e-01 1.89999141353e-01
9.65240556731e-01 1.30183652570e-01 -3.41054034113e-01
3.79580852287e-01 -7.23625982052e-01 -2.66560668716e-01
-4.34084004459e-01 -5.45106371653e-01 4.55749112859e-01
6.67071884343e-01 -1.78253890564e-01 -4.77985352035e-01
8.07238010600e-01 -7.98056298307e-02 9.27349679138e-01
-4.34677350072e-01 1.22790006047e-02 -5.47211662655e-01
-6.22273188840e-01 -7.10614412888e-01 -5.26485712978e-01
-6.51936816821e-01 5.78066050344e-02 4.67731302356e-01
-6.69069958697e-01 -7.65953093658e-01 -7.19167714808e-01
9.33493789254e-01 -1.08163768942e-01 -6.77242713830e-01
-7.84625954826e-01 7.08446834101e-01 -8.00966597070e-01
-9.69728337587e-01 4.80580520574e-01 -9.54643624814e-01
-2.56967289959e-01 -9.57340747098e-01 -6.75734860672e-01
9.63999964280e-01 3.18618180844e-01 4.12271675380e-01
-8.25565222570e-01 -1.46502332364e-01 2.09570149989e-02
-8.06964305605e-02 8.55045772090e-01 3.26270701050e-01
9.74745047733e-02 -4.23940011032e-01 1.60445653443e-01
-1.95991602352e-01 -1.66975472666e-01 -2.00898094662e-01
-5.26706412214e-01 -4.48060221713e-01 3.38649094728e-01
2.34340471325e-02 3.15849122273e-01 -9.66529838725e-01
-3.24697218521e-01 6.89631709684e-01 1.50569095346e-02
7.45667734065e-01 4.27668655025e-01 9.89930299106e-01
9.20528986454e-01 8.85652073606e-01 -1.22071708144e-01
-4.76367216313e-01 1.24788707646e-01 -1.42278606604e-01
-6.60587563021e-01 -3.11874242179e-01 2.47044507063e-01
-3.36446514044e-01 1.20783715099e-01 -3.44284908075e-02
-5.09152674819e-01 -2.31311137430e-01 8.35431308409e-01
4.91217583181e-01 -1.46455924561e-01 -1.04930831634e-01
-5.92111105841e-01 -1.07992756696e-01 -5.71544379728e-01
-4.84090052305e-01 8.58089270935e-01 7.94598820524e-01
-7.61197068617e-01 5.65540566838e-01 2.99588971445e-01
-7.42645194634e-01 2.06850548371e-02 6.80592773333e-01
-9.39807913238e-01 7.09448947436e-01 -1.94646000487e-01
6.98192360670e-01 8.03239867931e-01 -5.80390208205e-01
9.51169514075e-01 -2.34553358161e-01 2.74697581900e-01
-3.36230944533e-01 -1.46146399503e-01 5.24476825038e-01
9.64757150954e-01 9.87265940750e-01 -4.29432303845e-02
-8.84339856861e-01 -8.36984630598e-01 -2.61066185898e-01
-7.95020885204e-02 3.58076510186e-02 -6.08077788543e-01
-9.40179560306e-01 4.43996724414e-01 1.32384104250e-01
-7.64975569102e-01 -3.89877435467e-01 -8.11582898633e-01
2.59796922682e-01 7.32990745331e-01 8.25660906651e-01
8.63097273681e-01 8.93033107693e-01 1.49807892809e-05
-6.83311455736e-01 -5.51826244943e-01 1.08458655471e-01
-2.17614295528e-01 -8.09560588472e-01 -4.15285329062e-01
3.42816268254e-02 9.42215177204e-01 -7.19017836134e-01
-8.44722165654e-01 -6.53875277216e-01 -9.85452555113e-01
-3.04108768378e-01 7.42972181059e-01 7.47729875030e-01
-6.70336398143e-01 1.84789579913e-01 -7.55713819878e-02
8.82479352822e-01 6.00919379667e-01 -7.93083081857e-01
3.33884725037e-01 -1.98969157971e-01 4.51985265804e-01
4.13985359210e-01 -1.87288931192e-01 4.78039612285e-02
1.16395678891e-01 9.26660364460e-01 3.81056825342e-01
-7.70684897793e-01 5.05607864589e-01 -8.04059292099e-01
1.48731053410e-01 -4.06883096978e-01 6.35506372729e-01
-2.18829899197e-02 -7.24568980618e-01 1.43379096474e-01
-6.78842545337e-01 1.13973612950e-02 -7.46108353951e-01
-6.06929453838e-01 6.35628884489e-01 4.33237177056e-01
-4.15937961739e-01 6.27628648480e-01 -3.60119843558e-01
-5.13544182998e-01 -9.63018727937e-02 -4.20913593574e-01
-8.79307541009e-01 -1.24081852904e-02 -6.94788948491e-01
-6.83716923782e-01 -3.58329182192e-01 8.60115256095e-01
7.98661786038e-01 1.49366330891e-01 4.50601437805e-01
-5.65301458149e-01 -6.06274609736e-02 -7.55863224043e-01
-4.35563544946e-02 -4.76682860161e-01 1.99807453528e-01
9.79394068932e-01 7.81357163462e-01 -5.07823165277e-01
-4.87280546449e-01 4.84543788007e-01 2.56368252102e-01
-6.83482106628e-01 8.28835349450e-01 8.05526908397e-01
6.09273263537e-02 5.88502034353e-01 -5.66445944629e-01
-4.19621524131e-01 -9.62832226401e-01 6.18871598327e-01
-1.14575805662e-01 -9.36248924554e-01 7.86515888659e-01
-1.46779541460e-01 1.26855387411e-02 9.68698757686e-01
4.68738294890e-01 9.84268015243e-01 -9.36820222035e-01
8.40967189447e-01 -8.60120752296e-02 7.93390829020e-01
4.44212299513e-01 7.80040710596e-02 3.86328944185e-02
6.65366639227e-01 -3.13275719673e-01 2.10350840450e-02
-4.05045040606e-01 -4.74933674314e-01 4.34933167619e-01
5.00197008951e-01 4.84168352319e-01 -9.61930558999e-01
-1.42303975831e-01 8.41921191123e-02 4.21540703355e-01
7.73613433248e-01 6.89550787997e-01 -3.75592750206e-01
8.77025675903e-01 -2.23558139626e-01 1.23470620775e-01
-4.21907331525e-01 -3.29996787631e-01 3.21330451091e-01
9.62843918690e-02 5.42929549954e-02 4.46665929373e-01
-4.18929369384e-02 -8.14898668702e-01 -6.78551649525e-01
-4.61008423688e-01 -5.01350696898e-01 5.49822639464e-01
7.12672970124e-01 9.88266247319e-01 -8.20796867283e-02
-5.47337412623e-01 3.91652127445e-01 -1.60185016301e-01
7.30059882500e-01 -6.09270143141e-01 -9.40637816647e-01
-6.46631557330e-01 8.25956895866e-01 5.08249116833e-01
9.28383008544e-01 9.98290126211e-01 4.75963864231e-01
-6.15569256998e-01 -2.97325995424e-01 1.78396533792e-01
-5.59421140495e-01 7.08316550454e-01 -6.22137963596e-01
-8.68489035344e-01 4.91891639071e-01 -4.27139233531e-01
-6.77559078521e-01 -9.53894830287e-01 -5.28292521615e-01
2.09560880069e-01 6.44792951478e-01 -2.27095605446e-01
-5.86907397763e-01 -7.22460927312e-01 -6.28939886405e-01
1.67896044519e-02 -1.45763652933e-01 -9.69087098711e-01
-9.44488756333e-01 -5.08704378041e-01 -3.17513420860e-01
8.76225220913e-01 3.13817063027e-01 4.03966629134e-02
-9.68706957050e-01 7.07805294407e-01 6.55440600428e-01
9.48594118445e-01 -9.87100136460e-01 -4.74433522427e-01
1.93857271780e-01 1.81535834997e-01 9.87659524189e-01
-7.81581976349e-01 8.35572987718e-01 -4.07185875535e-01
-3.75820626214e-01 -2.82851408833e-01 6.64482137032e-01
-9.43970167983e-01 -7.14751068370e-01 3.36904880282e-01
4.29073757226e-01 -4.25913872861e-01 -1.01521544671e-01
2.52818554292e-01 -9.67727053895e-01 2.27371326288e-01
4.96778604806e-02 -2.14484612092e-01 6.25582392153e-01
-4.33746192341e-01 6.65104329430e-01 5.45194039841e-01
-3.47897205198e-01 -9.61017697100e-01 5.64639640769e-01
-6.61126634880e-01 -7.39077221481e-01 6.30589539944e-01
7.22301875112e-01 -6.27576353786e-01 5.09544214005e-01
-2.54445002998e-01 4.31013455349e-01 9.70979706371e-01
6.99553613411e-01 5.87792823831e-01 -1.23221953457e-02
3.54772526470e-01 3.66380756426e-01 -8.39031929075e-01
8.38609105832e-01 -9.67388011500e-01 9.31983640386e-01
4.21068106508e-01 -6.36458754370e-01 5.26923849493e-02
1.75139323424e-01 -2.07117679625e-02 -8.11077485704e-01
-9.87281088711e-01 6.82006452085e-01 7.09921804122e-01
3.39850985138e-01 -9.12731861655e-01 1.14830431116e-01
6.18913687588e-01 6.76670321578e-02 -9.44257702652e-01
-5.25630625675e-01 -6.66484092207e-01 -7.42273914508e-01
1.68406439558e-01 -4.99201208120e-01 -5.18861124999e-01
-4.66920277787e-01 -3.85667208296e-01 -3.00383860851e-01
-8.21960073813e-01 7.04434783992e-01 3.14179127717e-01
5.21671717764e-01 -6.16252586067e-01 -9.08899309071e-01
5.54109053479e-01 3.00752165402e-01 1.38644879283e-01
-7.68840664890e-01 -2.60158098890e-01 8.76230936440e-01
1.62774346379e-01 -6.24008896586e-01 3.94357720108e-01
6.23449397098e-01 -5.60611530934e-01 -5.25949987362e-01
-2.41003932078e-01 3.86793755641e-01 7.01428531064e-03
-6.50204446935e-01 3.73716761066e-01 5.57436479049e-01
-5.79424876524e-01 -8.01364546549e-01 -5.85881662362e-01
5.30803061803e-01 -8.16939368759e-01 -3.29010328431e-03
6.03723174708e-01 -1.33257976330e-01 8.83537986262e-01
6.84999927732e-01 -3.24801919202e-02 5.47722117299e-02
1.03542082991e-02 -1.57777817528e-01 -6.99295719014e-01
4.67940323738e-01 1.13900238235e-01 6.02896870395e-02
-5.46774065842e-01 -9.41629102892e-03 -6.96771000836e-02
1.65659981391e-01 -6.92946025027e-01 -5.43383063536e-01
5.30982157928e-01 -7.88812735951e-01 9.07756068701e-01
-5.50815579738e-02 -9.42694505650e-01 -4.06983355250e-03
6.78731269985e-01 -4.91463445822e-01 -1.83833009183e-01
-3.72945843904e-01 -7.98720411863e-01 -5.07935891630e-01
3.50487996522e-01 -7.01283299225e-01 -5.79403204648e-01
7.09603789127e-01 -5.67529654860e-01 -4.75484193990e-01
-7.88055095257e-02 2.46780089683e-01 -8.12930760818e-01
-7.71498318655e-01 7.32099940410e-02 -6.04095704669e-01
-7.76604157768e-01 -8.12610932539e-01 -2.31269199043e-01
-4.56182178788e-01 3.93292410017e-01 -4.47262977924e-01
-8.71495903410e-01 5.69236827814e-01 1.80672835177e-01
3.90060023121e-01 9.96827262452e-01 5.30299097081e-01
8.54793699391e-01 6.55673716057e-01 -9.60861374606e-01
-7.96514850946e-01 9.77079975408e-01 2.49453329132e-01
8.76537696867e-02 -8.10702672140e-01 8.01202686411e-01
-5.65546001571e-02 5.19434497934e-02 5.78749842746e-01
-7.85116971370e-01 -9.20819082261e-01 -7.27027052886e-01
-4.24948854104e-01 -7.87083746766e-01 4.29399037468e-01
-1.54198952557e-01 4.67136547653e-01 5.06743735404e-01
-5.24746638501e-01 -3.94495947936e-01 2.06860013868e-01
6.20068509886e-01 -8.05080947841e-02 -3.92925499656e-01
-4.89114336432e-01 -8.62273502099e-01 5.32288634000e-01
-9.62404696253e-01 -6.38238105754e-01 3.66268747191e-01
8.24653921102e-02 9.83915069133e-01 -8.06650982148e-01
2.66416049221e-01 -5.03285853892e-01 -9.49567920505e-01
-4.97403942746e-01 4.43544145414e-01 9.11260900978e-01
-3.05842706145e-02 -1.65537749494e-02 1.14954803658e-01
5.24187930638e-01 8.50088288006e-01 4.41082508974e-01
8.90634302930e-01 -4.59925144659e-01 -9.72238755772e-01
3.15625936406e-01 7.93215962031e-01 2.50608506264e-01
2.35271955484e-01 -7.98335357475e-01 6.60785807139e-01
-4.42742714399e-01 9.95434068141e-01 -8.36796229629e-01
8.29718590635e-01 -7.80430955710e-01 3.54690177066e-01
-7.84880831272e-02 -3.68241383400e-01 -1.02144735913e-02
-1.43334572270e-02 2.31941301949e-01 4.45160742591e-01
-9.61140781157e-02 -5.82411630816e-01 1.97130274585e-01
4.76546068432e-01 4.55915789798e-01 1.09230088587e-01
-4.12332448835e-01 -3.65885071161e-01 -7.34900902833e-01
-1.48121730959e-01 9.78528168974e-01 -5.40374286259e-01
-6.33104082957e-01 7.50712642330e-01 -6.96479647279e-01
5.34844783849e-01 -3.63620869053e-02 8.57445425288e-01
-1.32703584215e-01 5.22178351191e-02 5.05347917557e-01
5.03984648038e-02 -9.15498968174e-01 6.47503692493e-01
3.39658933384e-01 -1.63305371610e-01 9.31238954855e-01
-6.08104765233e-01 4.96164154027e-01 1.86392247298e-01
-4.37354738562e-01 5.04999745407e-01 1.17016025408e-01
4.01620976348e-01 5.68508590371e-01 -8.15260653298e-01
3.14976924711e-01 -9.28403872032e-01 -5.09150524395e-01
-1.46772209158e-01 1.46322907017e-02 -3.17498878724e-02
3.00304316590e-01 7.73882741003e-01 9.89898458119e-01
-4.86690549872e-01 9.83763414428e-01 9.51185203600e-02
4.15514814395e-01 9.87012629391e-01 -5.92360766415e-01
5.84188855060e-01 -8.28140019825e-02 -5.00309659867e-01
9.02577663726e-01 8.30256576571e-01 5.33322213932e-01
8.82244666983e-01 9.11556478549e-01 -5.87097512366e-01
5.65430401622e-01 2.23122449230e-01 9.90194966081e-01
8.99422665080e-01 2.60348064481e-01 -4.57959850998e-01
-5.66322762317e-01 6.12146421621e-02 -6.78776544835e-02
1.42309269468e-01 -6.46400760695e-01 5.17312569319e-01
5.21577928924e-01 -6.50514805527e-01 4.43735918702e-01
-7.75708382845e-01 5.08891954324e-02 5.11373027000e-01
3.08786766282e-01 -6.09037153241e-01 -1.64009769989e-01
6.94254464793e-02 -3.22213140932e-01 8.54714234292e-01
-9.66085464678e-01 8.39207939729e-01 4.14639251034e-01
5.24786603881e-02 2.55574208338e-01 -6.12028437486e-01
-3.09182632393e-01 -6.72802880254e-01 5.35084587305e-01
-4.69030870809e-01 2.05020167495e-01 6.77572130541e-02
6.45844001158e-01 3.29262311724e-02 1.52819005378e-01
-4.72134144731e-01 -1.78730846466e-02 -5.94229052586e-01
7.59815960079e-01 -2.67347375521e-01 -8.84806125371e-01
-6.41996233557e-01 -3.94692374111e-01 2.16381161109e-01
3.40777135147e-01 -1.41976886961e-01 1.63387065364e-01
-4.38353528007e-01 -3.30400243090e-01 9.33631400547e-01
4.99025976983e-01 2.32733672127e-01 3.50585715077e-02
-3.83957775023e-01 3.64415209444e-01 1.97476950100e-01
9.47859150333e-01 9.74845105770e-01 8.14104178834e-01
8.59622033248e-01 3.16923881563e-01 1.86021342029e-02
-3.76512915537e-01 3.14635966585e-01 -8.71688873447e-01
6.04472345488e-01 4.45841080251e-01 7.81547776322e-01
9.37804929417e-02 -5.72874878334e-01 5.96564790046e-01
-8.30785239037e-01 -9.72981528366e-01 -4.96126942102e-01
-5.43109759476e-01 2.26285740373e-01 9.59375794027e-01
-7.54275041518e-01 -2.84276552165e-01 -1.52287844174e-01
-9.99873945489e-01 -8.55729630150e-01 1.59346049260e-01
7.71756634010e-01 9.50156569458e-01 7.28525933683e-01
-4.83354674412e-01 -8.36545680573e-01 9.89149742755e-01
-2.49861781136e-01 7.45969489099e-01 -9.79145588344e-01
-5.46243042474e-01 -1.22973427699e-01 -6.87424416508e-01
-5.51138753794e-01 -5.96241230888e-01 -9.82352241866e-01
9.54969497377e-01 4.07202998831e-01 8.30745127905e-01
-9.00321115693e-01 3.74215487099e-01 2.70140731367e-01
7.81863523080e-02 2.44400252236e-01 -7.15504449660e-01
5.75639650028e-01 -9.48059675260e-01 8.82714859155e-01
4.40602630116e-01 -9.94853490961e-01 -9.20419191905e-01
7.20690326635e-01 7.60281755477e-01 -4.71719301991e-01
-9.53635863007e-01 -1.64699522389e-01 9.76575927798e-01
-9.33826393417e-01 2.52459861921e-01 -9.30488063921e-01
-2.98484542080e-01 -5.44399280820e-01 -8.06440683923e-01
1.04185804308e-01 -4.55862668090e-01 -1.56544256097e-02
-7.73658461763e-01 3.56601224913e-01 -9.60512154717e-01
-1.65377420916e-01 -5.43441226493e-01 -1.00312042562e-01
9.84922606025e-02 -6.31650076542e-02 9.22132329979e-01
1.08747601094e-01 6.89848908544e-02 9.15997449270e-01
7.27531563364e-01 -4.39593228716e-02 -2.63318170450e-01
2.15499134369e-01 6.43830405382e-01 -9.65638743697e-01
-6.80473149605e-01 2.02604557016e-01 -2.91912235921e-01
-6.42948560250e-01 -2.60390146291e-01 -4.97659292769e-01
5.71538341032e-01 1.33980954594e-01 -2.79585354626e-01
-6.59557955181e-01 1.07321936221e-01 -5.98421274497e-01
-9.05360592485e-01 -5.75255570735e-01 -9.20244869739e-01
6.89484865260e-01 3.28448125780e-01 -9.94019579140e-01
7.34823604922e-01 2.30859045512e-01 3.62332202197e-01
-6.45603133200e-01 8.97647941437e-01 4.36250656115e-02
6.69986395943e-01 -2.40057263169e-01 -3.74101116962e-01
-8.49979392183e-01 -1.82413574859e-01 -9.85055857331e-01
4.26589929232e-01 8.66466071394e-01 -2.77211879975e-01
5.89670860949e-01 -4.24414537579e-01 9.86767328338e-01
-6.94645389772e-01 9.73905035282e-01 -8.09165989426e-02
-7.47564905206e-01 -3.32724888498e-01 -3.92577560336e-01
-4.88408252359e-01 -3.46741567062e-01 7.06559670952e-01
-9.28856626120e-01 6.85647467936e-01 1.16862762308e-01
6.33579464459e-01 -1.01636188618e-01 2.14514680772e-01
3.02219069238e-01 6.55065814804e-01 4.35548373235e-01
3.55037125458e-01 -7.45963379622e-01 -4.63393481198e-01
6.62558559171e-01 -3.38701158454e-01 -3.83235188845e-01
7.66876553077e-01 2.05225484076e-01 -5.52121387586e-01
4.57299256445e-01 6.79523313269e-01 7.97262830100e-02
-2.15237170092e-01 -4.72251402900e-01 -1.37506579113e-02
9.94966966098e-01 4.69011333524e-01 -2.23719232354e-01
-3.03115460697e-01 -4.30188462804e-01 3.92188884035e-01
-4.73810412676e-01 8.44245111032e-02 -9.62248393317e-01
5.88977587218e-01 -6.12288546568e-01 -6.62926763139e-01
5.07389210866e-01 -9.97478493488e-01 -8.18713338030e-01
5.47033859206e-01 9.36277817905e-01 3.10638672351e-01
-5.59683563914e-01 -5.13897598960e-02 -9.47811178839e-01
1.85595034242e-01 -6.31812924348e-01 9.81871655202e-01
7.88232540613e-01 1.57734599504e-01 -6.21783323410e-01
-4.98752201674e-01 5.55988778153e-01 -9.65252445063e-01
5.62983406504e-01 4.88710030675e-01 -1.10779529955e-01
-1.41900912459e-01 -8.31637543548e-01 -4.65467101645e-01
-4.93147237922e-01 5.40083908262e-01 8.78687456194e-01
-1.24888331687e-02 -3.32074873770e-01 -2.79385309331e-01
5.13497032930e-01 4.47380462404e-01 -9.01961720503e-01
-9.00524041569e-01 5.88102070423e-01 7.59666004106e-01
5.30704688994e-01 5.01967887162e-01 -4.66398841453e-01
-2.74982682092e-01 -9.58336884136e-01 -5.45354570050e-01
-2.06454226378e-01 6.68093820879e-01 -8.58455187575e-01
4.35549938323e-02 6.91995076226e-02 -8.92729052293e-01
-5.96785167044e-01 -8.19073532624e-01 6.50218548556e-03
-3.54073194486e-01 9.96742703950e-01 8.82058282328e-01
-7.60448084101e-01 -9.96999761088e-01 -4.73499318340e-01
3.50727916393e-01 -3.44912389920e-01 -4.05877200610e-01
-4.16106222857e-01 -8.47473498363e-01 -7.05193662879e-01
-9.98149118385e-01 -4.68076094737e-01 -8.52064337513e-01
-7.75222494162e-01 6.81687690169e-01 -3.62208276224e-02
4.76574708464e-01 -7.62628660427e-01 -5.31841049684e-01
7.94302372166e-01 -4.87668663025e-01 -7.08115443451e-01
-7.97268097195e-01 6.86866796430e-01 4.21941257744e-01
-4.67107586314e-01 5.68065373492e-03 -8.87077854894e-01
7.56436308732e-01 -1.29578718510e-01 -8.48972030845e-01
-5.90967614013e-01 8.37008853367e-01 -5.61999643018e-01
-6.27191266803e-01 2.74857847614e-01 -1.79610849907e-01
4.74585273058e-01 -2.46352971181e-01 -2.71960834634e-01
1.68637260408e-01 9.45009717692e-01 -8.29167259312e-02
9.90344091314e-01 -2.19379342729e-01 -6.67696995506e-01
-4.28988750758e-01 8.78039278965e-01 4.28745772424e-01
4.31648274619e-01 -4.03660852184e-01 -9.49261441803e-01
1.59748647902e-01 -9.99297887087e-01 8.92475985872e-01
-6.93863238065e-01 -7.05530168817e-03 2.82175365501e-01
-9.23479857819e-01 3.72884380805e-02 7.90509009171e-02
-4.51652164316e-01 8.52193893796e-01 -4.29940480008e-02
-9.64633549547e-01 -8.37756355218e-01 -2.12821414328e-01
8.27991390055e-02 2.51038904884e-01 4.02266258096e-01
1.62540885230e-01 7.95931685621e-01 9.72650488826e-01
-1.57078618723e-01 2.47912802849e-02 -8.17878583361e-01
-1.53457317107e-01 7.40825658543e-01 7.12174441531e-01
-4.35112492850e-01 -8.64208387148e-01 8.49247333523e-01
-3.05468453702e-01 -1.17204551174e-01 6.28373803398e-01
-4.42605143153e-01 3.60260772221e-01 2.08023721915e-01
6.20271941470e-01 4.24963435822e-01 -7.67784347650e-01
-3.45585203425e-01 -1.90387924756e-01 1.82565860070e-01
-9.79517999096e-01 -9.02105487838e-01 -1.61918533576e-01
6.24963057053e-01 8.52538482217e-01 2.99215376051e-01
9.41605569768e-01 -2.55001862652e-02 -5.77426587035e-01
4.14019656095e-01 2.35721354948e-01 6.92086712314e-01
-3.18564199991e-02 -2.28423504731e-01 6.26725691197e-01
8.35233747882e-01 -1.42654119592e-01 -1.14445635171e-02
-9.90714745592e-01 -5.40384397628e-01 9.96204774825e-01
-6.99811368575e-02 -7.75385891914e-01 -5.03724254437e-01
-5.95045852286e-01 -4.00056671072e-01 -9.76488996286e-01
-9.68815830522e-01 -8.22257897734e-01 -6.40585482884e-01
3.15575026588e-01 1.82793429672e-01 7.41721614144e-01
5.55382313931e-01 3.64994829225e-01 5.60720036999e-02
6.80997123793e-01 -6.88429377828e-01 -1.26941035095e-01
-6.86674964468e-01 2.81097635292e-01 -9.99639692716e-01
-8.65561260779e-01 6.95513119314e-02 5.67117384899e-02
-8.85248324780e-01 -7.48448879341e-01 -2.22701422508e-01
-1.60463566501e-01 4.67914976863e-01 -2.20025149742e-01
6.24991488003e-04 -8.48816439439e-01 -6.31750301286e-01
8.70710169836e-01 9.08233039038e-01 -4.41910451950e-01
3.37125767645e-01 8.87680534221e-01 -4.43956121543e-01
-9.16310567370e-01 9.85560568974e-01 -4.55865654841e-01
8.99181814817e-01 -3.13053144753e-01 9.36344563000e-01
8.80093156304e-01 -3.46682663703e-01 -6.46015241577e-01
-5.11352833133e-01 9.78996493844e-01 -5.18998019173e-01
-6.80694333595e-02 5.78021392961e-01 -7.64026541153e-01
9.82708414077e-01 -7.16716168316e-01 4.49119969480e-02
-6.38295190240e-01 5.84696938090e-01 3.37977897068e-01
-6.96516096451e-01 3.12703123927e-01 -4.96434935134e-01
4.01058703382e-01 2.06977656673e-01 9.22817316802e-01
-4.16691336509e-01 -7.14972616041e-01 -8.14657782118e-01
9.34988881431e-01 2.08219674047e-01 4.99650743557e-01
-6.27194756468e-01 8.69427562630e-01 5.21131065451e-01
5.71161560049e-02 -7.07370743019e-01 -9.52862896003e-01
1.61690176540e-02 5.33874943635e-01 -6.46713818259e-01
9.64710673301e-01 9.05146888413e-01 -8.25321528979e-01
2.90165137169e-01 6.47166692488e-01 7.58139572925e-01
3.64284511360e-01 1.48238712059e-02 1.51639451809e-01
-9.11981211934e-01 -8.58479801500e-01 7.87697845040e-01
-9.06033885621e-01 6.30645915228e-02 9.14704038722e-01
-1.37307419971e-01 -7.86516073060e-01 -5.75964171242e-01
-4.07269229836e-01 5.82775385390e-02 3.53692657013e-01
-4.84027464634e-01 7.60129187610e-04 -5.16222357525e-01
-8.26845547104e-01 5.13869594556e-01 -2.51006181469e-02
5.16984524912e-01 9.28623635289e-01 6.82455235944e-01
6.32624040187e-01 -2.00216472708e-01 9.73728773172e-01
1.58044878933e-01 -6.60756741492e-01 5.37516692438e-01
8.88889113389e-01 -4.60757105360e-01 -6.08787738536e-01
2.77948006651e-01 6.00958610699e-01 -7.69976192047e-01
6.71186834421e-01 5.57721106130e-01 -3.34394709363e-02
1.69946545348e-01 -3.66782986264e-01 -5.71300391839e-01
9.43567270387e-01 1.54014048238e-02 -9.57336606438e-01
9.85296802588e-01 9.83487194396e-01 6.66838239723e-01
-3.12914023787e-01 -7.23332395648e-01 -4.72618954011e-01
2.33250291661e-01 -8.55168823085e-01 -7.40367375193e-01
-1.07367995711e-01 -5.02881129972e-01 -7.71944090152e-02
-1.59421724807e-01 -5.83074210949e-01 8.92685733686e-01
2.94577744927e-02 -3.22035480906e-01 7.29018310890e-01
1.84681858488e-01 -2.92329038629e-02 -7.72183814911e-01
-7.80300433645e-01 -9.47425208030e-01 -7.31250252450e-01
9.95378948746e-01 3.34348494808e-01 -8.14083605918e-01
-6.10991580231e-01 -7.34833769377e-01 4.80841583331e-01
-8.12980121846e-01 -4.22765477757e-02 -3.73413777618e-01
-3.48506642202e-01 -4.08192079239e-01 -8.04931729941e-01
8.55318021893e-01 5.77443093796e-01 -8.32764266912e-01
8.51329314453e-01 -4.30367435529e-02 -3.61840118357e-01
1.46837058080e-01 -7.09902939252e-01 -2.80280528255e-01
-6.82662728095e-01 2.35052751021e-01 -9.48357571824e-01
-8.85946822300e-01 5.71912743883e-01 1.04141591631e-01
9.99456769787e-01 -9.22741199808e-01 -3.82899068940e-01
-7.98692950419e-02 -7.70246399460e-01 4.13450349780e-01
8.38933340199e-01 9.33082583329e-01 3.50256733294e-01
-7.91368462979e-01 -8.18117469464e-01 1.51260909695e-02
-3.72205113700e-01 -5.48307535960e-01 -6.06913178045e-01
4.51639445243e-01 -4.60557132708e-01 3.90179611459e-01
3.67606972050e-01 -9.30293980488e-02 6.12140405277e-02
7.75673853129e-01 -5.92123938534e-01 1.35554692305e-01
7.62872423866e-01 5.21544484199e-01 -7.92446942903e-01
7.05184112631e-02 -6.50496478030e-01 1.29981281762e-01
-6.66792821915e-01 -3.51403323631e-01 -2.82739510426e-01
4.41642649212e-01 1.00665499969e-01 6.10258338791e-01
3.21759905350e-01 9.09185145008e-01 7.60488205478e-01
7.48351090936e-02 6.94152861691e-01 9.43067391377e-01
-9.84636562869e-01 5.92994235266e-01 -9.29027003203e-01
-8.69263984202e-01 8.46758190471e-01 6.29496314390e-01
-3.43204774588e-01 7.15307003686e-01 -8.21995863608e-01
8.51246020687e-01 1.55615799667e-01 5.26197562705e-01
-7.83601557735e-01 7.84049432624e-01 2.02563981154e-01
5.22094725409e-01 -2.82193874140e-02 -9.83555131584e-01
5.73755277122e-01 5.13006635715e-01 6.91912710058e-02
-9.86668433057e-01 -6.36650204489e-01 -4.26639015985e-02
3.21590653305e-01 2.68219685773e-01 -6.07298924870e-02
3.71975192508e-01 -8.60654988261e-01 -9.96082767842e-01
6.86972109455e-01 5.56082385385e-01 -8.22382507763e-01
-3.64068777004e-01 -3.99479831289e-01 9.79185556518e-02
2.58552341377e-01 -7.40150240129e-01 7.37451015849e-01
-6.75881820580e-01 4.79429047312e-01 -1.54689913222e-01
4.35204068867e-01 4.53317021231e-02 -6.51629130194e-01
1.69395099939e-01 7.86152563890e-01 -7.74816270813e-01
7.17375657390e-01 -6.80874544047e-01 3.26003865025e-01
-5.26318664442e-01 6.43419256268e-01 7.40925292829e-02
-7.88766563772e-01 -8.99010133883e-01 6.67366558531e-01
-8.74456848891e-01 -8.08919783593e-01 2.09683263306e-01
-7.21190362573e-02 5.97895079105e-01 -9.09686073619e-01
-2.78217401019e-01 -3.85374906187e-01 4.79366025645e-01
1.17277332171e-01 -1.70445124232e-01 -8.53485460325e-01
9.80265321201e-01 4.47822091844e-01 3.25867787621e-01
-5.32541508569e-01 -4.82172359471e-01 2.17845015795e-01
6.65238614970e-01 3.10481388732e-01 2.46143499038e-01
-4.92065370778e-01 -4.03024127429e-01 9.95308450421e-01
8.65895399761e-01 -6.95795238808e-01 -4.51217340981e-01
-5.10907619964e-01 6.48784464993e-01 4.31906683106e-01
6.76225772908e-01 -8.58666854845e-01 -2.52558096895e-01
2.75530791970e-02 -7.64117690625e-01 -1.16574455573e-01
3.16952340918e-01 -2.98547728592e-01 -3.50686707232e-01
9.12572995719e-01 8.49535745499e-01 -4.86585456173e-02
-1.43355882328e-01 -9.02792448133e-01 -5.52663615696e-01
-7.29160682172e-01 -1.25665350410e-01 -4.89093890176e-01
7.85026101295e-01 5.06745740542e-01 8.31331307921e-01
-1.63617087139e-01 -7.41819027225e-02 -1.71736274460e-01
9.84122436486e-01 -2.36238316277e-01 -4.05869487396e-01
8.51955728536e-01 9.15251229850e-01 4.14682476509e-01
7.11849175259e-01 -8.79542165380e-01 -2.80006547123e-01
-4.19381540464e-04 9.80392528689e-01 6.89620665130e-01
-5.42421392418e-02 -9.77266299528e-01 8.74834320450e-01
6.82831164302e-01 -1.06111930267e-01 -6.34080570952e-01
9.10475340630e-01 -3.42369192905e-01 -6.85282992053e-01
6.03096677737e-01 7.62075303012e-01 4.39854837228e-02
-3.12476942927e-01 1.31383974632e-01 -4.90549662845e-01
-5.88064188877e-01 5.09716612990e-01 6.24565867532e-01
-3.16187667342e-01 -9.32762248410e-01 -4.95835289124e-01
-1.11929218803e-01 -2.69886278673e-02 -6.61438779748e-01
3.55133176481e-01 -9.02811464808e-01 -7.11245990224e-01
4.04154899253e-01 3.72661384462e-01 2.88527273242e-01
-8.09386075386e-01 8.73887199850e-01 5.55291423367e-01
-2.71758843806e-01 9.34337920479e-01 4.42186334842e-01
4.21234229310e-01 7.48855557176e-01 9.29697720301e-01
3.07950561544e-01 1.64679810947e-01 -1.49161915830e-01
-2.97288921334e-01 9.40192304524e-01 8.14878670413e-01
8.15246950749e-01 6.03094254901e-02 -4.27791526275e-01
1.75828490022e-01 -6.78847251310e-01 2.03032993340e-01
-8.11760886485e-01 -3.80274217287e-01 -4.55172579016e-02
6.41838024204e-01 -3.30822867030e-01 -4.45606888945e-01
3.98994592670e-01 -8.92527670549e-01 8.94973727826e-01
1.37548639037e-01 -4.80956258011e-01 3.40819897754e-01
-8.91649258273e-01 1.14262613055e-01 -8.07147201061e-01
-4.22018466248e-01 9.32246748326e-01 -6.76329144126e-01
2.21180753420e-01 9.32571101437e-02 9.23415934631e-01
-9.16346551811e-01 -5.38458401122e-01 -7.43908376314e-01
7.78088088975e-01 4.55183246851e-01 2.74949255993e-01
-5.77012213681e-01 6.59626242546e-01 -8.36003117187e-01
-8.02369681095e-01 6.41442787667e-01 5.00453436515e-01
7.23286875395e-01 1.51988499403e-01 -3.93379046299e-01
-4.09788628765e-01 -3.48735700989e-01 2.19099939437e-01
6.20779437302e-02 1.79612535601e-01 1.78808446591e-01
7.01796824905e-01 4.24034295335e-01 -4.96279757235e-01
2.28257326050e-01 7.70053564464e-01 6.01195021347e-01
-4.01305835415e-01 9.52684190102e-01 4.53436485237e-01
8.74531838053e-01 -4.42201570348e-01 -8.23238636750e-02
-1.69768603132e-01 -3.12153366074e-01 7.04627139356e-01
4.32291249946e-02 -7.50473482418e-01 -7.96291411759e-01
-9.42587001222e-01 -2.43232711797e-01 -4.77622993978e-01
-2.34026568585e-01 -5.97894131950e-01 -4.47930656116e-01
1.02295322857e-01 5.67475972496e-01 6.32494712077e-01
-6.00260407478e-01 1.40954279406e-02 -2.82760996969e-01
-5.66601038709e-01 7.94870339238e-01 6.28007365217e-01
-9.05297832054e-02 6.36283834761e-02 -2.51135390834e-01
-6.75915857626e-01 -2.66937073910e-01 -9.08054063054e-01
-1.62147246842e-01 -5.26064452960e-02 -7.27314395703e-01
-9.40586377839e-01 6.36853583919e-01 1.04271974929e-01
7.38699392294e-01 6.95246071878e-02 -9.97275399974e-01
-9.57402870039e-01 -2.69898236389e-01 -9.33990157644e-02
-5.22373624855e-01 -4.21792481757e-01 -9.65132888390e-01
9.89035124885e-01 3.45999451050e-01 -5.93783462231e-01
-4.96013680238e-01 -6.74506868550e-02 -1.02525835439e-01
3.21103478931e-02 2.68844083542e-01 3.65530322476e-02
-9.07767769838e-01 4.71647510990e-01 1.13427036960e-01
-2.12071342027e-01 -5.70498386198e-01 1.71064094254e-01
-7.85396035661e-01 -8.98976491717e-01 7.76800852165e-01
3.61500786320e-01 9.87745156506e-01 3.86309734260e-01
-9.18505415282e-01 -6.57961813574e-01 -5.22185495832e-01
1.61268869024e-01 -1.40852002958e-01 -8.39480421431e-01
-9.35242271952e-01 -1.45721535732e-01 2.32131530173e-01
-1.76918308799e-01 -7.27901063733e-01 4.49108773586e-01
2.01350804978e-01 -3.94945442395e-01 -7.92625000604e-01
1.61646147800e-01 1.58916140515e-01 -7.39410403995e-01
-9.90235494445e-01 -2.94962403036e-01 -9.30059530740e-01
-1.20807572790e-01 -8.66552632240e-01 -8.28627077783e-01
6.61554965964e-01 -7.54128832256e-01 5.53731804506e-01
2.68976049157e-01 -4.87049834564e-01 -1.72653307753e-01
6.13268948911e-01 -5.89723740979e-02 -5.15559398344e-01
4.87069653108e-01 -8.90493137711e-01 3.96764730288e-02
9.52033890389e-01 7.33665502972e-02 1.35056549280e-01
2.17053242594e-01 -5.17767904102e-01 3.79819177734e-01
9.96841542421e-01 -8.31147610131e-01 -5.02394265729e-02
-9.99572503380e-01 7.01292576129e-01 3.12249078095e-01
9.38574111061e-01 -6.88892355044e-01 -8.89100264706e-01
-6.91791405292e-02 5.69042017483e-01 1.81248352482e-01
-2.05563475008e-01 2.90395381530e-01 4.15316416610e-01
-3.55272198727e-01 6.61162822350e-01 7.95517732294e-01
-8.60029296884e-01 9.77224205144e-04 7.91234821915e-01
-8.22319449308e-02 5.70880691787e-02 -8.35858826449e-01
-1.96888062729e-01 -2.16542719499e-01 -6.76115274279e-01
4.40135451704e-01 1.82830547533e-01 -6.21064978475e-01
-3.72095296798e-01 4.46453308429e-01 -5.47811789228e-01
-4.60795262112e-02 8.25471805327e-01 4.58357204431e-01
-5.96980459800e-01 5.52224842623e-01 6.74153887981e-02
-8.80960959886e-01 -2.71747917995e-02 7.91961976230e-01
5.74578549515e-01 3.76779179730e-01 6.83863381708e-01
-6.21415314088e-01 -5.57045734281e-01 8.10667849989e-01
-7.98103842790e-01 -4.49930104171e-01 9.51272732556e-01
-5.09881759766e-01 -8.09304368593e-01 5.06525547945e-01
-7.25400645158e-01 -1.78410649848e-01 -5.79899237296e-01
1.29025542703e-01 9.16692898570e-01 4.44530477489e-01
6.40265593138e-01 -1.12149516638e-01 2.70825210154e-02
8.95839292508e-01 8.74999629275e-01 8.44366281221e-01
1.35811821155e-01 7.88085889904e-01 -1.41257654476e-01
3.06492379544e-01 -6.12006547680e-01 4.38926736563e-01
-6.46183026790e-01 5.56026548872e-01 8.99469594424e-01
5.74683151941e-01 -7.12370424397e-01 1.64612390643e-01
-6.59452347858e-01 -7.86239491676e-01 5.12754542526e-01
-7.10910143196e-01 6.63231942180e-02 8.74156106205e-01
5.10488689649e-01 4.21713640644e-01 -1.69598694504e-01
-7.79067921349e-01 -4.94939911875e-01 -1.46215737400e-01
-3.65653919692e-01 4.74126920790e-01 -3.39583340725e-01
1.68751420066e-01 -8.22670982137e-01 -5.73772839538e-02
-7.01573111909e-01 -1.85371938714e-01 -1.70967986421e-01
-8.41063179933e-01 -9.73945391352e-01 -1.69724403494e-01
-4.96064028468e-01 -9.86467877397e-01 8.98677423549e-01
4.32161537666e-01 4.09411825896e-01 -1.90740130465e-01
7.48314120690e-01 -2.90232578893e-01 6.36824856343e-01
-6.19058479378e-01 -5.79903046405e-01 -5.39414151357e-01
-1.38289860048e-01 4.95869078439e-01 5.86326035478e-01
6.88335389685e-01 3.78404275225e-01 -5.04000914052e-01
-6.81069718525e-01 -1.23487439530e-01 -3.54696424377e-01
5.16451768352e-01 -9.70802549259e-01 6.63016492344e-01
-7.07166561721e-01 3.83190293509e-01 -6.45407283514e-01
-3.64786079789e-01 -2.37078008818e-01 9.62039207091e-01
-7.54899829512e-01 2.81753745527e-01 9.75782307785e-01
7.44066704877e-01 6.19442782188e-01 3.71928560255e-01
8.64397025604e-01 2.36002496088e-01 9.62383081653e-02
-4.39110375680e-01 5.36969631695e-01 -1.45803112139e-01
-5.55454888174e-01 -8.47605016012e-01 -1.47339363185e-01
-8.24800742709e-01 -5.15850461794e-01 -4.35589342115e-01
2.65331626528e-01 -2.11277228413e-01 -8.30063216309e-01
-5.62529857998e-01 7.37844789279e-01 -8.17297156815e-01
-8.68477225242e-01 -2.14839208506e-01 -5.53378699139e-01
-2.86332945007e-01 -4.27953171277e-01 2.38640436548e-01
4.40887476057e-01 4.95161045108e-01 -9.99805741012e-01
6.32977724836e-01 -5.19044130817e-01 -7.08572743325e-01
9.52052500077e-01 9.11767236382e-02 -2.03033991718e-01
4.40992550198e-02 -3.23474486509e-02 -4.03584453931e-01
8.63864156354e-01 6.67045075291e-01 3.15725919938e-02
-5.66192411616e-01 1.81781839198e-01 -7.47490042703e-01
-6.86990033689e-01 3.22588081156e-01 -8.65194919456e-01
6.51658525528e-01 -9.35302279859e-01 -3.77609268472e-01
-3.66449185352e-01 5.76300896041e-02 -2.04416031579e-01
6.14336438297e-01 -4.24661296152e-01 -2.50845709467e-01
-7.72797872207e-01 2.16921325408e-01 3.88044263883e-01
-6.87692282576e-01 6.43086972480e-01 8.53842351518e-01
-1.87245647045e-01 -4.46829550642e-01 8.37985055446e-01
-7.90203794739e-01 5.12966608402e-01 -4.41654694007e-01
-1.01382238372e-01 9.14540584159e-01 -3.92027432282e-03
-1.14375381318e-01 8.71512411102e-01 -8.53357655394e-02
-5.58879325892e-01 6.73641164635e-01 -2.32720527441e-01
-8.41064694264e-01 1.00328815216e-02 1.18669407032e-01
9.49911315902e-01 -2.17526037813e-01 -3.54492759031e-01
6.87342786085e-01 5.04968832016e-01 -2.62005104340e-01
-5.32950142181e-01 1.80614572568e-01 -5.19142905958e-01
-7.46690646627e-01 6.92172521582e-01 -3.56707752383e-01
1.37344647729e-01 -7.59161790255e-02 -9.47202031476e-01
2.16540122040e-01 8.67477658143e-01 -8.63933700073e-01
-9.84696283929e-01 -5.45915722636e-01 4.28214433337e-01
-5.66230998173e-01 9.88224658178e-01 2.57266264063e-01
-9.76291315619e-01 6.03733114248e-02 9.69828158603e-01
4.74691024737e-01 1.17960986736e-02 1.07834402056e-01
-2.06040971543e-01 3.46020804414e-01 -2.65748006881e-01
-6.79376710988e-01 -6.30089066750e-01 3.29209201657e-01
3.92965375163e-01 -9.39198189387e-01 6.93544817946e-01
5.06994975501e-01 7.49310475657e-01 7.84934000478e-02
9.32541981308e-01 6.54014847080e-01 -9.48681197105e-01
-9.51357237041e-01 3.24182994349e-01 -1.55109432132e-01
-6.40498404224e-01 6.96589327742e-02 5.67114764623e-01
-1.49169401801e-01 3.24396094924e-01 -8.26962690720e-01
8.18035180596e-01 -6.87113531719e-01 -2.04205912167e-01
1.87812150078e-01 6.99842494773e-01 1.15291285382e-02
1.24507651257e-01 6.00007074699e-01 -2.81552883462e-01
5.52341928497e-01 3.43151356719e-01 -6.31559148259e-01
7.48873865115e-01 1.07994654732e-01 -6.30140323020e-01
4.24462743767e-01 -2.40859517474e-01 -2.55939396683e-01
-9.57986175994e-01 -6.58748580915e-01 6.80246898756e-01
-5.03471911654e-01 -3.73713064647e-01 4.34331649651e-01
4.91414960237e-01 -4.65693561111e-01 -8.46649513508e-01
-8.33695150834e-01 -4.80278860536e-01 -8.25035505847e-01
8.76158238797e-02 5.21327476260e-02 -2.22842322301e-01
2.57127873254e-01 1.37759179407e-01 3.54274010916e-01
2.58670500600e-02 -1.84910830662e-01 4.71838049345e-01
8.68739136899e-02 2.76240357792e-01 -7.28417941243e-01
3.54900922326e-01 -3.67596369874e-01 9.92269305509e-01
-5.96703451870e-01 2.79604565017e-01 9.73803224030e-01
-1.34427257410e-01 -3.08534021167e-01 -6.50132017979e-01
3.76965915494e-01 -6.50953507820e-01 8.40971484241e-02
-7.02913975205e-01 7.52942066525e-01 6.97730931313e-01
5.61505602934e-03 -3.79861000637e-01 7.61961083748e-01
-4.18005547215e-01 6.02201233433e-01 -5.87058001006e-01
-9.34488955389e-02 7.76222254977e-01 -1.24866599741e-01
-2.58587962603e-01 -5.63138825615e-01 8.66880518322e-01
-1.49781705416e-01 -1.71012952538e-01 -9.94405161587e-01
9.52744716756e-01 -3.97744144033e-01 3.34107878308e-01
9.51526278607e-01 -8.57428118520e-01 -7.73441039852e-01
-8.38381587918e-02 -5.83885391049e-01 -5.08403998571e-01
-3.71426760858e-01 -5.51947202325e-01 -8.55692567237e-01
4.50177496043e-01 -2.33844488502e-01 -5.48618598631e-01
7.27241996549e-01 8.55003007620e-01 2.28912031850e-01
-1.15562384536e-01 2.70682496610e-01 -8.52016736684e-01
5.71570112636e-02 -9.40016731592e-01 5.08875296222e-01
6.80407969132e-01 7.72820816270e-01 3.31983483085e-01
9.32897472723e-01 4.64488306765e-01 -9.61326127854e-01
-5.27973334085e-01 -8.80016616490e-01 -6.86758798867e-02
-5.91323972489e-01 -3.04930828188e-01 5.70954924250e-01
5.77479135980e-01 -8.50940914755e-01 -8.30912184823e-01
-7.38636621152e-01 -2.27838715179e-01 6.99399603391e-01
2.78320052325e-01 4.06038162022e-01 -3.06315594495e-02
-6.98585484968e-01 -8.37625811732e-01 -7.30171469846e-01
6.98153814160e-01 -4.95027127441e-01 3.44223858483e-01
-1.71797098206e-01 -3.08674341677e-01 2.99903193163e-01
9.31586394986e-01 -5.71990711415e-01 -8.02629234177e-01
5.56461480705e-02 -9.54665849430e-03 -5.21456167810e-01
-7.57063438071e-01 1.14699293447e-01 -6.97498468541e-01
-6.42665751112e-01 -6.53361444200e-01 -2.15742200248e-01
-9.37354583264e-01 8.72994689212e-01 -3.99598339293e-01
4.91537929276e-01 -4.24816024222e-01 -6.17076566265e-01
-3.87084894528e-01 1.80938667236e-01 -9.29543492351e-01
4.68130514709e-01 6.85456821548e-01 -4.08413624115e-01
1.97740481793e-01 -7.94097314493e-01 2.44993323109e-01
-2.39243679791e-02 -2.26840242383e-01 -1.14414761828e-02
-7.74138571589e-01 -9.95196085421e-01 8.67174523821e-01
2.59603488846e-01 5.22600845677e-02 -4.09087802940e-01
9.92316536602e-01 8.33384550099e-01 9.35644636832e-01
6.57172645283e-01 -6.48034335881e-01 2.71289232779e-01
7.72757314040e-01 9.57518808524e-01 6.30151115186e-01
5.95409332586e-01 -2.02535650322e-01 -7.03107290763e-01
-5.11571774032e-01 1.70681562820e-01 -8.30004039141e-01
-3.57899220361e-01 -3.95503154674e-01 -1.32455749965e-01
1.26896338131e-01 9.74914683017e-01 -8.84642790949e-01
1.59821706433e-01 -7.48344070161e-01 -5.68245534584e-01
-7.03320285167e-01 5.67889212429e-01 9.81563464730e-01
7.28956895754e-01 -2.47474779024e-01 6.58056950969e-01
-1.46229857181e-01 -6.79379016943e-01 1.94685518367e-01
-9.52248917870e-01 -6.26921215852e-01 -3.72089022478e-01
-7.82194287415e-01 9.42409298356e-01 8.51630862733e-01
-6.92036063733e-02 -8.17476184022e-01 3.99908562843e-01
1.57455267924e-01 5.03277302488e-01 -3.44971123778e-01
7.24185448011e-01 7.92475319837e-02 9.71606949331e-01
-5.09560865122e-01 -3.68505904157e-01 -4.04487346953e-01
-7.36167956952e-01 -4.98190096346e-01 -5.98790540173e-01
-4.94241055797e-01 4.78974899034e-01 -3.51913622279e-01
9.93400007483e-01 -8.16143387843e-01 2.34187465736e-01
5.41576023000e-01 6.29533887668e-01 -6.24055913474e-01
9.12959547673e-01 5.13258227386e-02 -7.69006108758e-01
2.92991947053e-01 -1.82995510838e-01 -9.87272842781e-01
-4.91781290384e-01 -4.59242246793e-01 -4.69317644587e-01
-9.61453676206e-01 -2.40916506965e-01 -2.55757609036e-01
-3.55631994715e-01 2.33519599416e-01 3.89286737605e-01
-4.07834354512e-01 -4.53907410360e-01 -5.75174832519e-01
-5.23331628890e-01 9.03502870306e-01 -1.47069227485e-01
-9.25005258026e-01 3.79907810306e-02 -5.34944779023e-01
-3.75577314466e-01 8.89634583094e-01 -7.15245260724e-01
-6.56103515837e-01 2.94070519178e-01 1.94762306844e-01
1.95654962769e-01 1.65907272681e-01 -7.89117796248e-01
8.46906977634e-01 -1.52397300653e-01 -1.28229483556e-01
7.23821836395e-01 -6.16366275408e-01 6.95889580853e-01
4.21297378103e-02 1.81619421198e-01 -7.08529486185e-01
8.31805908043e-01 -8.29470762904e-01 6.69597308463e-02
-3.70648508133e-02 -1.43214968565e-01 6.67803883398e-01
-7.07644328339e-01 7.76076832682e-01 1.51085377276e-01
7.20342527945e-01 5.47268468676e-01 9.22730494255e-01
8.55333715610e-01 -3.15558356846e-01 -2.10287343343e-01
1.65384257755e-01 -7.10709468327e-01 5.98463206365e-01
-9.25954602624e-01 -1.41561814184e-01 9.65031912534e-01
-7.33997114810e-01 -6.39547164384e-01 6.20879636901e-01
-4.02043936496e-01 2.03191976623e-01 -3.68907063906e-01
8.83314055802e-02 2.69935561004e-01 7.58682533055e-01
6.80379862748e-01 -3.68453837171e-02 -7.47919540735e-01
7.04632352900e-01 -8.39353608824e-01 -9.41673727213e-02
-2.63674594119e-01 -3.21012314093e-01 3.19002402629e-01
-5.92274977636e-01 -4.77747630085e-01 -6.64151157096e-01
-5.18571397997e-01 8.36880811414e-01 -9.12071040791e-01
-6.36723421345e-01 2.33147927203e-01 -4.73455616959e-01
1.14153551457e-01 -5.04882003881e-01 -1.20401716381e-01
-1.38886044332e-01 3.55224101970e-02 8.49439333123e-01
-2.46333978254e-02 -1.22544402314e-03 5.45936760281e-01
-2.90583430459e-01 6.30704651415e-01 8.33418611360e-01
7.04843585242e-01 9.49738477799e-02 -7.91312284205e-02
-7.86090238852e-01 -2.26965968137e-01 -2.93452812030e-01
-8.61457479588e-02 5.60171839576e-01 -6.18458066889e-01
6.31109014913e-01 -3.47538580814e-01 -6.01790973731e-01
-8.47521582547e-01 -4.76888111549e-01 5.76102682192e-01
-8.08518027798e-01 -8.89580166847e-01 -2.07790588125e-02
8.30526246610e-01 -5.54877826737e-01 9.82459428712e-01
-3.64904492798e-01 -4.75979750266e-02 4.12899377482e-01
9.22216327825e-01 -3.30164877386e-01 7.27920641065e-01
-3.31098735952e-01 -4.75752725022e-01 -8.00476142112e-01
-8.13295594795e-02 -8.23744689032e-01 -2.15998320475e-01
-9.08533191266e-01 4.56848277457e-01 6.42639046368e-01
-4.89455840313e-01 8.54769901305e-01 5.68964192443e-01
7.12304833211e-01 5.59178380090e-01 -8.35137803031e-01
6.79535721745e-02 -4.81679294948e-01 -9.24811202998e-01
7.52280816320e-01 1.91637887709e-02 -8.44346428218e-01
-6.04408073986e-01 -3.79164735963e-02 -8.05578404947e-01
-8.42122741901e-01 4.09504538593e-03 7.64871066327e-01
5.60062045027e-01 4.31617115360e-01 7.32546036007e-01
3.35123479988e-01 4.66118988332e-01 3.90259175277e-01
-7.10885112039e-01 -7.04504343543e-01 -8.27249823989e-01
6.68798263962e-01 6.86248482059e-01 1.82287793226e-01
-2.23485876444e-01 -6.68334202686e-01 9.96235197408e-01
-1.76814277739e-02 5.77741486755e-01 -9.48253018757e-01
3.53019689840e-01 6.27235233610e-01 -4.75160367542e-01
1.99443348311e-01 1.82671434797e-01 -5.45678767630e-02
-3.53336548132e-01 -7.24951632193e-01 8.29397411006e-01
-7.90791959404e-01 -3.15480052175e-01 -1.94941944068e-01
-6.89627147135e-01 5.61832402629e-01 -1.90975661478e-02
3.61684826371e-02 -3.94258908645e-01 -5.50432716287e-01
-2.30811177860e-02 -8.46973567198e-01 -8.52342504008e-01
-5.64127433842e-01 -9.56240520792e-01 4.04948871306e-01
7.24391420243e-01 -6.92232093630e-01 3.97093046176e-01
-7.20309628975e-01 9.15740897840e-01 -4.44811683821e-01
6.58260811892e-01 2.91668335577e-01 7.22067865414e-01
-4.79468479510e-01 -8.75830994861e-01 -4.36245125456e-01
7.50811491046e-01 7.03046908464e-01 -8.99495876347e-01
-9.79726403477e-02 5.59883674402e-01 -4.01528370754e-02
1.03122816003e-01 -2.03592417391e-01 -6.53155034246e-01
5.90569895502e-01 8.48161200922e-01 2.77470539919e-01
8.77040413151e-01 3.71732948055e-01 3.16684120948e-01
-5.89007173473e-01 2.32838483170e-01 3.68536600549e-01
6.93781281679e-01 3.48269429686e-01 6.70521035637e-01
9.28927409430e-01 -8.90106572718e-01 -9.03399453453e-01
3.46192823419e-01 -3.23619248962e-01 -5.26500516351e-01
9.99967138283e-01 8.03717458995e-03 -2.76268506551e-03
-1.77748733749e-01 7.98420956264e-01 -6.60566275781e-01
-4.54657634466e-01 1.66295152701e-01 -4.84848388231e-01
3.03215269606e-01 9.05803075016e-01 3.70140169454e-01
3.97738877403e-01 3.93954762441e-02 3.78528446601e-01
-6.06329159628e-01 -9.37183999427e-01 6.47820645779e-01
-8.64057619993e-01 5.59341023471e-01 6.80177237690e-01
-2.14123813069e-01 -2.73275091906e-01 -3.66266603287e-01
-4.15217012826e-01 3.75779945113e-01 5.66646106339e-01
8.99474112270e-01 -2.83097932713e-01 4.93702753211e-01
6.05960880223e-01 7.94006464907e-01 -6.38520941901e-01
-9.15474518163e-01 -7.27613986343e-01 3.86431476747e-01
-7.20416502897e-01 4.76810869517e-01 -3.51646967862e-01
5.52955094517e-01 3.31896539001e-02 -5.71539450237e-01
-8.44231011273e-01 -3.83407603662e-01 5.48301707277e-02
6.40049424786e-01 3.02423767421e-01 -2.92284888817e-01
-7.05385078539e-01 -2.11449439270e-01 -2.00520316698e-01
3.59567582309e-01 -6.92380460767e-01 -1.46475310040e-01
-2.64957706102e-01 4.02432968562e-01 -3.85977096570e-01
4.47321548801e-01 4.01705936716e-02 1.41406284245e-01
6.16732754566e-01 9.11707617301e-01 8.43465284371e-01
8.37693536113e-02 1.21742709131e-01 -7.33548915355e-03
-1.16686977966e-01 -9.53520373885e-02 -1.61693016608e-01
9.12904255983e-01 -6.64431827918e-01 -6.13659330464e-01
1.11403174285e-01 -5.37929891393e-01 -1.48074359236e-01
-9.64442848211e-01 5.31373348800e-01 -8.88851684466e-01
3.80293329889e-01 -8.72413909935e-01 5.05526398078e-01
7.18065110835e-01 7.26192345715e-01 3.54040216354e-01
5.16886940001e-01 9.96392742729e-01 -6.86456480849e-01
-2.05393864403e-01 5.89612256544e-01 4.62423241447e-01
-2.18394341515e-01 2.45949647970e-01 9.86919873388e-01
6.24409536656e-01 3.05712139842e-01 -5.37292612967e-03
5.81365459404e-01 -3.94877925233e-01 -4.37325941137e-01
-6.28608237313e-02 -3.05691011858e-01 -7.64907681274e-01
-6.27580255097e-01 -5.03282305553e-01 9.51090735361e-01
2.76457833721e-01 3.14445552097e-01 9.62078484689e-01
2.20589417601e-01 -6.40687432904e-01 -1.08227657670e-01
-5.28571931426e-01 -6.48487534210e-01 -2.20549502978e-01
-7.78076878645e-01 -5.99197639897e-01 -8.40692746379e-01
5.44283723246e-01 -3.72021535119e-01 -1.72454595180e-01
9.93127480146e-01 -9.77707996954e-01 -6.23809690412e-01
4.99638207024e-01 9.49823291018e-01 9.64538321814e-01
4.10234783967e-02 -6.17066636503e-01 -6.68083451534e-01
1.84221723668e-01 4.33918342662e-01 -4.75966346206e-01
-8.96333852269e-02 -3.06608122916e-02 9.48829552135e-01
-3.42800919592e-01 -6.41734476966e-01 5.22713362017e-01
8.09361767866e-01 -3.41759682326e-01 7.39318080125e-01
-7.12894989975e-01 -4.48720817197e-01 6.73172250238e-01
-7.14263290965e-01 -8.98051277687e-01 -5.55126692893e-01
8.42842860074e-01 9.54742905663e-01 -3.83605211686e-01
7.36049285036e-01 9.33075193285e-01 -2.15495437950e-01
4.16533559289e-01 6.64001838148e-01 9.80141182421e-01
-9.91180519569e-01 8.08129700743e-01 3.03481462087e-01
3.44968584061e-01 3.39529241128e-01 -9.96841683982e-01
3.67166242268e-01 -9.77007965547e-01 -1.96681250910e-02
3.35907285724e-01 1.41207912537e-01 3.77999244899e-01
-6.65800165229e-01 -1.66577999092e-01 1.43588132758e-01
-5.69073387221e-01 7.13063043409e-01 -2.92384092367e-01
-9.51543641254e-01 -2.18025546157e-01 -9.94461354797e-01
8.81754933336e-03 -2.92423623285e-01 -1.59829551894e-01
-5.18569810092e-01 4.78036214354e-01 -4.37483215443e-01
9.24127844127e-01 -8.54323829456e-01 5.15238153988e-02
4.69341973527e-01 6.28035127012e-01 -4.03620850017e-01
4.64934472677e-01 8.91394201150e-02 6.25391298731e-01
8.63761178154e-01 9.62078720314e-01 -8.35334250627e-01
6.40808323231e-01 -1.57144558223e-01 1.86059499712e-01
-5.31214864706e-01 7.68634351328e-03 -9.72633118728e-01
3.46825991453e-01 -9.33376783474e-01 7.33432448811e-02
1.93726911765e-01 -2.62239289126e-01 -7.14659283736e-01
7.19955675174e-01 -8.39927701205e-01 7.94860681423e-01
3.40202801554e-01 2.67948749134e-01 -8.90188391269e-01
-3.95221357884e-01 -5.39147957945e-01 7.07968566431e-01
-9.37526050926e-01 9.90872388236e-02 -4.09043082227e-02
-3.09212528779e-01 -5.94608892498e-01 1.48134716390e-01
-4.84468638657e-01 8.06346846654e-01 6.77907608299e-01
-2.47044465620e-02 -6.72907540422e-01 3.42456375874e-01
-8.12415956432e-01 -7.16554229481e-02 -9.87581349904e-01
-5.93764135425e-01 6.57309775081e-01 -9.19541135393e-01
8.20300064897e-01 3.03907923076e-01 -5.25588622096e-01
-8.15614252731e-02 -7.88585724211e-01 -4.81733321902e-01
9.04347156130e-01 7.75255940750e-01 -9.99904921278e-01
3.41351305759e-01 8.96224595558e-01 3.47710109012e-01
-3.21688345318e-01 -8.53080773658e-01 9.02329520277e-01
7.91533804402e-01 -2.50190940336e-01 4.08101387978e-01
-6.91906430615e-01 -2.15601341434e-01 -9.12424527068e-01
4.63620728563e-01 6.36787595058e-01 -9.08127872231e-01
9.86846152687e-01 6.58945209188e-01 9.35264309372e-02
8.55577127941e-01 -4.90220613075e-02 -8.19641958838e-01
-5.08143287854e-01 5.39486212441e-01 9.25570337067e-01
-7.64360399807e-01 -9.64715623280e-01 5.31982190689e-01
-4.40504352302e-01 6.26307552506e-01 9.97901557944e-01
-9.95563697999e-01 -9.10288886125e-01 -2.57116707627e-01
-9.88849346521e-01 -6.68838339704e-01 -1.12582797703e-01
9.16216937786e-01 -8.93944087389e-01 -3.64469282964e-01
-9.39267776413e-02 8.61890406283e-01 -9.03325587466e-01
-9.47644171281e-01 2.04250140676e-01 -3.91845362909e-01
-8.63960908663e-01 -4.77887105885e-01 -1.83609170459e-01
5.18303398750e-01 -9.82297749250e-01 -9.75499800395e-01
-4.36598970758e-02 7.97028225752e-01 5.39952662559e-01
-5.10838091146e-01 -9.82615887645e-02 -7.79062738074e-02
-5.68333360166e-01 -3.04522550341e-01 4.85705427586e-01
5.50006120256e-01 -6.98097022110e-01 -9.19858890548e-01
6.51772565978e-01 3.20015594047e-01 -8.70721193902e-01
-3.88727395511e-01 -6.78203894607e-01 5.21805002597e-02
-7.57710640672e-02 -4.70743119005e-02 2.90289749527e-02
2.33967738801e-01 -6.43820341511e-01 7.82471269268e-01
6.96846780226e-01 3.04956124772e-01 -9.56124180907e-01
-6.40534214508e-01 1.81318721353e-01 -8.14038511279e-01
7.83637973379e-01 6.46288266241e-01 9.88557002502e-01
7.25144495128e-01 2.17397346728e-01 -1.13058502373e-01
-5.13543606509e-01 4.85986131935e-01 -7.43446718316e-02
2.98773290263e-01 -8.29677167269e-01 8.86336363799e-01
3.53036476929e-01 4.98975878348e-01 -2.38773311134e-01
5.74090523447e-01 -8.17840532781e-02 5.46592121733e-01
3.56520020103e-01 -9.73073507647e-01 5.99145701900e-01
-9.35686332144e-01 -2.49952125014e-01 -6.59308890653e-01
1.08850780460e-01 -3.37650031474e-01 8.26860594483e-01
-3.88862829371e-01 -3.25347333832e-01 7.91825503945e-01
2.71521783560e-02 -6.00246863254e-01 5.79306423003e-02
-6.62513487815e-01 5.53628166930e-01 -9.82962006695e-01
7.48932052287e-01 7.83638565700e-01 -1.49777362659e-01
8.58154040695e-01 -3.74595893256e-01 -7.88426339528e-01
-3.04386923697e-01 2.82054222320e-02 -4.57896455404e-02
-6.68625767188e-01 -1.11716853972e-01 2.28440668075e-01
-6.57005833302e-01 -4.90008941614e-01 7.45874305137e-01
8.28771693552e-01 -2.72218470123e-01 -6.40574029479e-01
-6.46794843323e-01 7.11057307064e-01 -2.02030068823e-01
-5.01678902424e-01 -8.15657318484e-01 -6.87968224142e-01
-3.39182579582e-01 -5.89479418280e-01 -1.29637807202e-01
-6.02849131265e-01 -8.63331966038e-01 1.03633397773e-01
8.38921897038e-01 -9.60583123826e-02 9.99594359658e-01
-3.41519943132e-01 -2.47540545299e-01 -2.70430534273e-02
-5.19305245727e-01 7.42509314205e-02 -6.22447616245e-01
-2.19609008739e-01 4.99654409243e-01 -3.37920181145e-01
4.92383283327e-01 -6.12572919397e-01 6.50843755179e-01
-3.48569089243e-01 3.26476243942e-01 -4.63919569954e-02
8.53161252035e-01 4.19173986381e-01 -2.54932385522e-01
8.02073118185e-01 9.25445654860e-02 6.59525785437e-01
-2.44049606493e-01 4.28885823781e-01 -3.20120975990e-01
-7.97610413189e-01 -8.35870763211e-01 3.19254097212e-01
2.60841261251e-01 4.29520886126e-01 2.01841740497e-01
-4.11949312041e-01 2.39349319245e-01 -9.55779088640e-01
-2.87593451928e-01 7.02357976559e-01 -1.77221908782e-01
5.19386629350e-01 6.28322215578e-01 9.99763597734e-01
8.64039182600e-01 2.15153354786e-01 9.47224866109e-02
-4.15565204534e-01 3.71047486258e-01 1.11438082117e-01
-5.33275313458e-01 -6.63738375373e-01 6.09951042389e-01
-8.48499244008e-01 6.35835280472e-01 -2.29283369719e-01
-4.68854159801e-01 6.26286430110e-01 -4.48101350781e-01
2.01692535170e-01 -7.77819177032e-01 -9.68199981362e-01
-2.11763521289e-01 2.78709846213e-01 -4.17426632446e-01
-8.28372069555e-01 7.73760125867e-01 -3.88440550951e-01
-1.34912914194e-01 -4.82011237872e-01 -9.29901667838e-01
-6.25345285807e-01 -6.11165753385e-01 -9.79971851213e-01
-4.79355523120e-01 9.57459635547e-02 -3.51349616121e-01
-7.84001871843e-01 -7.47373794088e-01 2.54123214285e-01
-4.94675924766e-01 -1.47525948075e-01 -4.41717417651e-01
-2.83788397575e-01 -9.61219834146e-01 -9.94452514683e-01
3.20407911353e-02 -4.87512668356e-01 -3.28901354842e-01
1.81909913748e-01 8.25046987191e-01 2.94097314260e-01
-6.51021289477e-01 1.80076323999e-01 -8.78414595443e-01
-9.28409402691e-02 -7.59131896197e-01 -5.42834793005e-01
8.74101761670e-01 -5.22733969392e-01 -9.31045521950e-01
8.76432849037e-01 -2.91437092373e-02 3.77909825359e-02
-2.61594541958e-01 4.35765113419e-01 -1.42757724571e-01
-8.00133067090e-01 6.72508185577e-01 8.29293821859e-01
-1.98086411784e-02 9.38420286373e-01 1.42924565423e-01
-5.67041483506e-01 9.70753381946e-01 -2.93410860604e-01
3.03044072959e-01 7.95412047671e-01 -8.73628263769e-02
-8.64210754570e-01 -5.13007059001e-02 -6.95583390862e-01
-3.79205965148e-01 5.48361497721e-01 -7.98809272143e-01
-7.81945452924e-01 -3.95991555134e-01 -2.21976393471e-01
-9.34992891706e-01 -4.48622002941e-01 3.79781420519e-02
-9.90586734372e-01 5.23841817642e-01 -5.12452922069e-02
3.69989309167e-01 2.18879642533e-01 2.10261891228e-01
1.34079162560e-01 -8.29999472867e-01 -3.38767303777e-01
1.12796037045e-01 -1.27927363444e-01 9.87866474776e-03
-9.16771646550e-01 -3.73736073903e-01 4.37744461669e-01
7.45087688670e-01 -3.59943429641e-01 -1.87301911967e-01
6.31609596141e-01 1.32938856787e-01 3.46683425525e-01
2.18849843936e-01 4.71706568949e-01 -9.76193425234e-01
5.76469521307e-02 4.77737990896e-01 8.59143533678e-01
9.92802470453e-02 9.15455942003e-01 -3.36151332285e-01
9.18097941167e-01 -8.17841801708e-01 4.55509737812e-01
5.01292857109e-01 8.13684911380e-01 6.43725109121e-01
-3.77326355026e-01 5.48667695163e-01 -8.14945323307e-01
-8.81435535793e-01 -9.88432629960e-01 4.84521909377e-01
-2.80802295208e-01 -4.15317134659e-01 2.49170973547e-01
-9.80197976334e-01 -6.42054834236e-01 9.24506346660e-01
-9.54825157279e-01 -5.96074587477e-01 3.43924141649e-02
-2.98922191048e-01 -8.38282502181e-01 4.14082058433e-01
-4.52208787879e-01 -5.23478033731e-01 -1.16873746327e-01
-3.16722037884e-01 -2.52073171200e-01 -9.10133558284e-01
-1.13443620090e-01 -4.04277504144e-01 9.26081656444e-01
8.94140363622e-01 1.64813697881e-01 2.55266043942e-01
1.64897838219e-01 -5.12930731994e-01 1.99039783887e-01
5.48908932856e-01 -7.08791114254e-01 9.02550958983e-01
-6.77514650709e-01 1.46424369489e-01 -3.47583135752e-03
5.41123554828e-01 -9.46781991956e-01 4.00640352350e-01
7.98039236943e-01 -1.05208125946e-02 6.62097681156e-01
5.40254312353e-01 -9.61591366661e-01 7.27149133443e-01
-5.66879243388e-01 -4.04739917910e-01 -5.42707355014e-02
1.02322875104e-01 8.19639978846e-01 -4.50383376074e-01
-8.29128705817e-01 7.05476712298e-01 -3.17534530218e-01
9.04529719569e-01 6.09309657295e-01 -6.89878613544e-01
7.64926378506e-01 -9.58499971758e-01 4.28043969641e-01
6.79866981544e-01 3.22832948213e-01 9.63815872541e-01
1.98920476809e-01 -2.33655544572e-01 6.21427368196e-01
9.56048293950e-01 -2.88462224551e-02 9.99975800514e-01
-6.08291488890e-01 4.00786624942e-01 6.18741089301e-01
-8.74431788863e-01 5.60224250686e-01 -2.90918140808e-02
1.50721980795e-01 -8.32330568616e-01 6.47624755114e-01
-4.16946243223e-01 -2.04499337452e-01 -6.22224192890e-01
-5.12114086893e-01 -7.84193500776e-01 -5.31334159678e-01
-9.32790928489e-01 4.73452417866e-01 -3.51910443675e-01
6.99986193189e-01 7.81339618276e-01 -1.16009647546e-01
2.52282227973e-01 -2.04514732214e-01 3.92381912746e-01
-1.40078580538e-01 -7.41460794463e-01 -4.25770805881e-01
-8.35775837226e-01 8.73854381905e-01 -9.25708172808e-01
1.89276313963e-01 -3.30475773351e-01 -5.09349141041e-01
6.79523465540e-02 5.82336025118e-01 -1.44875198204e-01
-8.80052895229e-01 -9.87088713323e-02 3.58966027088e-01
-4.57067462363e-01 -3.61648577900e-01 7.63570458518e-01
-5.81965646512e-01 2.36295893433e-01 7.74813884764e-01
-8.31858551051e-01 -8.93215892787e-01 4.16677339662e-01
5.76520479087e-01 5.55093356201e-01 -1.09783791522e-01
4.73252228216e-01 1.38781142020e-01 7.01652377705e-01
6.02540092358e-01 7.59786666259e-01 8.51976787603e-01
4.48876957152e-01 8.37200963794e-01 -5.02498567804e-01
9.90776471324e-02 8.92358172635e-01 -5.64300276136e-01
-6.87275294069e-01 1.26914167370e-01 6.90096257110e-01
3.94991300718e-01 -9.46058159669e-01 -1.79425665727e-01
-8.13395704056e-01 -6.26107656223e-01 -6.47436971612e-01
-5.39388745343e-02 -6.56358175751e-01 -6.97751280711e-01
-7.67359044295e-01 4.69452074482e-01 2.04210319186e-01
-3.54732101483e-01 5.35102438896e-01 -4.78231294769e-01
2.48120301984e-01 -3.09005449204e-01 7.19679837916e-01
-7.10937922686e-01 -3.47362885879e-01 -1.26814152639e-01
9.30772987162e-01 -9.66349481589e-01 3.17800757158e-01
6.74864825641e-01 9.66660294666e-01 -4.93896031517e-01
-5.49251861660e-01 7.74828177772e-01 -3.02639310389e-02
5.16254672555e-01 3.19890143964e-01 -4.95993996736e-01
6.34227462874e-01 -7.86695329373e-01 -7.89182002558e-01
-7.81003669734e-01 6.87494122278e-01 -1.99937545322e-01
-8.98655881127e-01 7.01516794833e-01 -8.74154149496e-01
6.12060864275e-01 -4.65602595110e-01 -8.73991283995e-02
-8.14188866790e-01 2.98133791098e-01 -2.01398728043e-01
1.20526692420e-01 8.45737973156e-01 4.38581832423e-01
9.77781967250e-01 5.99743206799e-01 3.68690237109e-01
1.77768379067e-01 1.66673250108e-01 3.22582276223e-01
3.95103274563e-01 -2.90366740567e-01 7.65028081725e-01
8.74579762050e-01 -9.72854230540e-01 -1.60819599014e-01
7.63962563017e-01 -5.18218698687e-01 -5.53601819814e-01
2.60730926535e-01 -7.97275218087e-01 7.96041152345e-01
-3.42814271964e-01 9.98998828232e-01 -3.30210000896e-01
5.51111032512e-02 2.42461332699e-01 -2.43657868003e-01
8.15508033063e-01 8.76983446012e-01 -7.23945977038e-01
-8.06378827340e-01 -2.18633702592e-01 -9.95851626618e-01
7.26985499136e-01 -2.91889354257e-01 -9.50970045268e-01
-4.74285705702e-01 9.91436020467e-01 3.24628979584e-01
-2.11468882492e-01 6.94039431724e-02 -2.28417783616e-01
-2.07245374661e-01 6.98073085257e-01 2.42859763672e-01
-2.02800593899e-01 7.20914637540e-01 -4.36801924108e-01
-8.25677815744e-01 -9.33647542230e-01 -1.20630044081e-01
3.52629026097e-01 1.42229637663e-01 -9.03634575151e-01
7.95157019885e-01 5.73447274777e-01 -2.44601121752e-01
-5.02356758109e-01 -8.25704285328e-02 -6.03834106868e-02
-4.95142266851e-01 4.53788874417e-01 -5.16956163345e-01
7.57545009143e-01 8.89573567961e-02 1.47531662671e-01
4.96154303428e-01 3.42908167906e-01 1.77431870800e-01
-4.34887654816e-01 2.73750693199e-01 -7.90307041160e-01
7.39153609490e-01 -1.69096959368e-01 -2.60798586188e-01
-9.20278361961e-01 4.74278856755e-01 -7.70419054558e-01
-5.54874784106e-01 2.95122329749e-01 6.84856443519e-01
2.46488709583e-01 -8.90810239078e-01 7.44187571921e-01
6.48783971392e-01 -1.05685118169e-01 8.61897184449e-01
4.67352847321e-01 -6.82756107153e-01 -3.47552752750e-01
6.61609465099e-01 9.20665470846e-01 -2.01605653950e-01
3.87335955346e-02 -6.51895478206e-01 -9.29105364685e-01
4.57522514955e-01 -6.01602896862e-01 1.32129122099e-01
4.28584319273e-01 -7.52776454088e-01 6.28330943002e-01
5.60949612204e-01 7.99273872189e-02 4.54884978689e-01
9.40935879918e-01 -8.33055484031e-01 -9.73430680099e-01
5.88620580076e-02 1.07705392459e-01 -1.67892776042e-01
4.46651817973e-01 1.97898426651e-01 -2.27352439997e-01
-1.87300200196e-01 8.26786519879e-01 -4.02683480365e-01
8.58804557407e-01 4.56264910035e-01 -1.51998193540e-01
3.67873993408e-01 -3.46000603096e-01 3.25725541136e-01
-4.29126148778e-01 -4.03503591848e-01 4.62060339498e-01
-4.14685931716e-01 6.50651850575e-01 3.65129102657e-01
7.28178854905e-01 -8.02788387892e-01 -4.13570092718e-01
7.81194507508e-02 -8.42233015151e-01 -9.88116738381e-01
7.95176111998e-01 -2.91070818571e-01 -1.90376456450e-01
7.03497524235e-01 -5.04817446463e-01 -9.36196843132e-01
4.53058602034e-01 -6.98004253999e-01 -4.96161556568e-01
-3.58825898896e-02 -9.60000029746e-01 6.79804087467e-01
5.02676626436e-01 -9.90052293981e-01 -3.25970627054e-01
-5.05197043300e-01 -1.94199242254e-01 -2.03865240889e-01
7.63834079618e-01 -7.09654197893e-01 1.44945257411e-02
4.96452795107e-01 -9.72930959413e-01 -9.34894122153e-01
2.75598065590e-01 -1.55219604799e-01 -2.23362687614e-01
3.36936358985e-01 -8.27077837580e-01 -9.99159432016e-01
-3.60321696084e-02 7.44766818241e-01 8.33573225342e-02
-5.35520994819e-01 7.51465982642e-01 -8.49715728243e-01
6.25077435572e-01 4.41427448504e-01 -1.39267044207e-03
2.81597955749e-01 -3.06515845147e-01 5.77660354589e-01
-7.04221846864e-03 -4.93017066034e-01 -3.04252419297e-01
-1.60375716705e-01 -9.79430104596e-01 -7.23464612720e-01
-4.42045449019e-01 1.98644591122e-01 -8.68745475946e-01
-7.59663831331e-01 3.88910644403e-01 -7.99943788815e-01
9.06956326173e-01 -3.36556261096e-01 6.22619498345e-01
-6.03298470193e-01 -5.93393805247e-01 3.46872973883e-01
-1.85893143148e-01 4.52166997572e-01 4.12275756436e-01
3.18328803553e-03 -6.99264738103e-02 -7.24033818452e-01
-4.14641421016e-01 2.06882285516e-01 -5.08416427070e-01
-3.21446831022e-01 -1.52229162470e-01 -6.89711128217e-01
-2.56684939497e-02 5.83558992289e-01 -2.30149672940e-01
6.79050304777e-01 -9.05202189882e-03 -7.67961389277e-01
5.06614749556e-02 4.10522116074e-01 8.79124189671e-01
7.51474434394e-01 1.28331618909e-01 2.12277502386e-01
-4.59550800947e-02 9.04433319301e-01 1.84728012041e-01
-9.37615158939e-01 8.98147771088e-01 4.59750463003e-01
3.36712016881e-02 -3.93460808039e-01 6.97214129240e-01
-6.66624884897e-01 4.68855627565e-01 3.26107055566e-01
9.33060340552e-01 3.22407086064e-01 -1.99040325917e-01
6.87806553062e-01 -2.47142450533e-01 3.55112985408e-01
-5.79051892077e-01 -3.60948623792e-01 1.20045946501e-01
7.89930089279e-01 -6.23242012981e-01 -1.59640510175e-01
-9.86194433638e-01 7.78673445703e-01 7.88227059780e-01
9.23218513803e-01 6.96950709306e-01 -7.19486169386e-01
8.54290293462e-01 -6.89796841559e-01 9.45470449489e-01
-9.66120893120e-01 2.23492992680e-01 5.90219428106e-02
-3.75745639846e-01 5.73424353066e-01 -2.66803787214e-02
2.70317805591e-01 -6.08173399050e-01 3.59513570256e-01
-9.03661167204e-01 -8.47397091727e-01 -2.54607592362e-01
-9.08638168084e-01 -8.44382879252e-01 4.94947192955e-01
-7.36750174191e-01 5.29809028623e-01 6.83414666766e-01
8.97065538865e-01 -1.79151869462e-02 5.91713568006e-01
-7.28042153515e-01 7.81572265449e-01 -1.15872486083e-01
1.85849109285e-01 9.88949261601e-01 2.89344724868e-01
-6.23808206815e-01 4.57713431892e-02 -8.92180330070e-01
-9.83726417638e-01 -2.40472323839e-01 6.02659981513e-01
8.10012589120e-01 -5.56708426008e-01 -4.67701680245e-02
-5.47296419529e-01 -9.01206642343e-01 6.47951938048e-01
-2.56987478238e-01 -6.17676518679e-01 5.84376034133e-01
-3.34821067441e-01 -6.08570710574e-01 -9.76791796729e-02
3.97570482175e-01 -8.07328527704e-01 6.55128383383e-02
3.08749932008e-02 5.11203955631e-01 -9.66079018063e-01
2.89401444276e-01 -2.47804800630e-01 -7.70463777599e-01
-2.02455220373e-01 -4.06680821165e-01 -4.29180928240e-01
2.53585415545e-01 -4.29179649534e-01 8.68515172446e-02
3.03218425393e-02 -3.10038275695e-01 -1.60147511009e-01
6.72401453216e-01 8.87213461049e-01 -2.65417792492e-01
1.29135199417e-01 -9.00199995330e-01 -4.88529569231e-01
6.59528370788e-01 1.78741473322e-01 7.56767073533e-01
-4.38414260484e-01 4.56791631624e-01 3.03275817681e-01
-9.22323689760e-01 3.35289170190e-02 5.94218236205e-01
7.93097162523e-01 9.26047889947e-03 1.66724441185e-01
-9.69719739617e-01 -6.91206916557e-02 -7.49878851580e-01
7.02811867792e-01 -5.57398750241e-01 7.73287365107e-01
-3.46453705498e-01 -8.23077846236e-01 8.06419318452e-01
-9.56785669530e-01 -8.81715558414e-01 9.84129685901e-01
6.06583807434e-01 3.68215351071e-01 8.26794901782e-01
8.81175946389e-01 1.20760140531e-01 9.36276247695e-01
5.91832381483e-01 1.93840756637e-01 -8.31165952529e-01
4.90443192185e-01 -8.70496051326e-01 1.37723385886e-01
8.97473487955e-01 4.93196704189e-01 -4.41349131726e-01
-8.18651268174e-01 -8.89792642505e-01 7.48584276879e-01
-4.09042083383e-01 -4.39890456125e-01 6.65875430063e-01
3.30806582855e-01 -5.71441333541e-01 8.59792401018e-01
-5.21760634855e-01 4.11525791237e-01 2.75364558806e-01
-8.12159114430e-01 6.42268721779e-01 -4.27220598528e-01
-7.23302566318e-01 7.66400586705e-01 -6.35920429433e-01
-7.94034444631e-01 7.90684076860e-01 6.23150133352e-01
5.22014992089e-01 1.94452768748e-01 -7.23033312579e-01
-3.70146874045e-01 -4.83315591925e-02 -3.61879354046e-01
6.86670038703e-01 -4.09766813465e-01 7.03982910004e-01
-8.44832368123e-01 -5.30676198905e-01 5.67182830333e-01
-4.84072632847e-01 2.05403193920e-06 -1.06137957939e-01
-4.98960138065e-01 7.10322182491e-01 -4.71743942924e-01
5.39059026883e-01 7.12705325201e-01 3.99171720910e-01
1.51431765944e-01 -2.26673029934e-01 -6.18350758971e-01
2.93399624197e-01 -5.37167985708e-01 7.99588089715e-01
-1.74429953645e-01 9.28598220427e-01 3.03449169874e-02
-9.45685616669e-01 4.82718170380e-01 2.80584484935e-01
3.57088344804e-01 3.22724085917e-01 8.62106630514e-01
-3.32212723015e-02 -5.06167885617e-01 -6.29698359701e-02
-4.73792229534e-01 -3.94448439309e-01 -5.36322701506e-01
3.33364511530e-01 -7.53612002243e-01 -5.16342283467e-02
-4.15451510537e-01 8.74813362898e-01 6.09980930393e-01
-5.40628606240e-01 9.44906071734e-01 2.68178623760e-01
-1.11763007525e-01 8.03136941885e-01 -1.91999340985e-01
1.44608501878e-01 -6.48986377590e-01 8.01877317858e-01
-1.78567313207e-01 6.73439296742e-01 4.58680656487e-01
-9.03284459330e-01 -6.60230917698e-01 1.77522468929e-01
-8.90997489864e-01 -4.51447622595e-01 -7.22508898807e-01
1.56155899705e-01 2.24187996809e-01 -7.74155958450e-01
7.50405023690e-01 -7.87517050182e-01 -4.63541833434e-01
-4.81240248066e-01 1.40430676351e-01 -4.10944532329e-01
2.72444935177e-01 -8.75545535179e-01 -3.45507537641e-01
-9.64345830476e-01 7.91492512353e-01 -5.81011729120e-01
-9.55983637812e-01 4.83510139158e-01 9.29321805914e-01
6.20394983152e-01 -3.81640898707e-01 9.05930164226e-01
4.70535618007e-01 -8.70859286688e-01 8.56322113358e-01
7.24022384604e-01 6.02685564013e-01 1.54563081988e-01
3.20904213153e-02 -2.80220847242e-01 -3.46324858883e-01
-6.08735992857e-02 -6.55372577559e-01 2.30711061149e-01
2.76424036024e-01 3.61631740519e-01 -1.67855759695e-01
-4.27155415261e-01 2.80254916884e-01 6.32387326859e-01
-8.94363956011e-02 6.37572589162e-01 6.18228589007e-01
5.47407160302e-01 8.89537283634e-02 -4.84890955260e-01
2.70656047049e-01 -2.76959872468e-01 5.65394666775e-01
5.86681532481e-01 -1.11976497393e-01 -6.57497146007e-01
8.19054213734e-02 2.79762961566e-01 7.71543686172e-01
-3.71097484311e-01 -9.94261688550e-01 1.13877829683e-01
-7.29898895011e-01 -7.54226767809e-02 2.09597822842e-01
4.67469791634e-01 6.64699795500e-01 7.43001301653e-01
1.70234490731e-01 7.65344656895e-01 4.71196847722e-01
3.63418883348e-01 -3.27969964281e-01 1.67549712196e-01
3.34760309353e-02 5.18942286968e-01 -7.37661235844e-01
-2.14351317945e-02 5.93314904530e-01 1.93795942326e-01
-1.45206529249e-01 8.79538306910e-01 -2.84755134622e-01
2.93363148949e-01 -9.23664815688e-01 4.55263175748e-01
4.63761966426e-01 3.80517108077e-01 6.28076476803e-01
-6.12416152662e-01 -2.64432047151e-01 -7.40845455667e-01
-5.54717522838e-01 9.50147634349e-01 -7.87089106528e-01
6.58399183144e-01 9.05998825052e-01 -2.18940822044e-01
-6.93506088896e-01 -6.96463045523e-01 2.71134460937e-01
7.37940960442e-01 1.04198214181e-01 9.61445846577e-01
1.84199504174e-01 9.80810364699e-01 -3.66500211119e-02
-4.42074886729e-02 -3.31607363341e-02 -2.66026005738e-01
-3.85563806345e-01 -6.07940558162e-01 -7.18567181248e-01
5.63027963770e-01 -6.12741856655e-01 6.44180956131e-01
-8.45508547428e-01 -2.69400873347e-02 -6.50135887624e-01
8.91256002193e-02 -8.12382563861e-01 -6.83091742770e-01
-1.44281268653e-01 -8.33877821376e-01 -1.89859458799e-01
-2.69607870499e-01 -7.88272372348e-01 4.25043335848e-01
4.60874947468e-01 -6.29954194478e-01 5.28875666451e-01
-2.36785533483e-01 -4.37300603575e-01 1.47347612841e-01
7.05243540791e-01 -6.27939465282e-01 5.24444189633e-01
4.33347716664e-01 6.07330057587e-01 -9.88958784374e-01
-3.34529220748e-01 1.35375694900e-01 -5.84818469633e-03
2.66339094502e-02 -9.74719583976e-01 2.31219434753e-01
-7.43105834230e-01 6.98753681825e-01 1.89405259299e-01
-2.13816746703e-01 2.22956914093e-01 8.06613201185e-01
9.90901529785e-01 -7.19966431949e-01 -9.01997889346e-01
4.84822007588e-01 -2.96847106561e-01 -5.42943537022e-01
-4.56392509610e-01 -6.98120821127e-01 5.10878666076e-01
9.34325235865e-01 -1.41645737524e-01 -6.87261133309e-01
-5.69591004201e-01 -3.03909885839e-02 7.63171233127e-01
-2.83181668857e-01 1.25051047246e-01 9.27058032680e-01
-8.93118403802e-01 -4.75151506474e-02 -6.39755463060e-01
-9.89632992069e-01 1.13647064713e-01 -8.94453627940e-01
-7.23252050450e-01 4.33221078214e-01 7.72245215146e-01
-2.77626474983e-01 5.17267036958e-01 -3.64260744007e-01
-7.83395121705e-01 -3.22344572899e-01 -7.67885852031e-02
8.31395287920e-01 3.37752779637e-01 5.73716525721e-01
-5.33195684447e-01 5.95401299929e-01 -9.02491468425e-02
-9.64999623115e-02 8.55728181012e-01 2.20891500460e-01
3.82897786509e-01 2.27083946218e-01 8.66043693789e-02
-8.32075522203e-01 -8.86729643627e-01 -3.69494934738e-02
1.56331901977e-01 5.06763615416e-01 -5.51721418999e-01
8.30503086481e-01 3.23235696798e-01 8.09732801658e-02
-7.65290911200e-01 8.29617047603e-01 7.40143101541e-01
-4.31558361012e-01 3.71963374956e-01 2.03869379686e-01
5.96627504377e-01 -7.24603722675e-01 -5.42774410240e-02
-9.85338804305e-01 2.19491215991e-01 7.76020072296e-01
-8.90468818085e-01 7.86534282279e-01 6.07502708029e-01
-6.71361997571e-01 -9.93568080474e-01 -2.77068094945e-01
3.31752916487e-01 7.20178567674e-01 -7.50018968596e-02
-8.06238748043e-01 4.02681691294e-01 -1.04947940030e-01
4.74196093843e-01 4.78651875387e-01 -2.18495477558e-01
5.64482909424e-01 -7.72719412005e-01 -5.60606738348e-01
4.05207203424e-01 4.02725814564e-01 5.50135965250e-01
-8.76296960691e-01 -7.53888442066e-01 -1.12431602139e-01
2.29579782686e-01 1.15360319202e-01 -4.86926255043e-02
2.18535150037e-01 8.27469206335e-01 2.57073158984e-01
-8.50601946400e-02 6.78531104083e-02 9.23167568596e-01
7.44418525018e-01 1.75572894130e-01 -2.18862136462e-01
-1.78262044293e-01 -4.85158746822e-01 -5.81487107827e-01
-5.99843299761e-01 -1.64693018033e-01 -6.94416306771e-01
-3.60459000971e-02 4.72113772981e-01 3.98488892894e-01
-3.67620286237e-01 6.83396284321e-01 -6.22794711787e-01
1.05687018067e-01 -6.14906650789e-01 -5.38438528561e-01
-1.20548591540e-01 5.20510568992e-01 -8.19292494012e-01
-8.40831343010e-01 -6.97805713721e-01 -1.34222218364e-01
-3.44400419548e-01 2.56791720752e-01 -8.40977773928e-01
2.15122058622e-01 -5.89937615949e-01 5.09104900765e-01
-4.39617925063e-01 -6.16180924520e-01 6.70666632089e-01
-4.62014980364e-01 -8.87351267919e-01 -4.11186728352e-01
-7.23714020906e-01 -6.88459333819e-01 8.14877057362e-01
9.12650325295e-01 -5.18500990941e-01 9.37089806393e-01
-2.09379521762e-01 3.73828652023e-01 9.73671046073e-01
-7.93158640523e-02 3.28029175907e-01 3.75529087789e-01
-8.16659459759e-01 -5.95815834401e-01 3.86247478140e-01
-8.27499638231e-01 4.03862769438e-01 2.12192781834e-01
6.18816667990e-01 3.56698724142e-01 -8.32838893790e-01
9.27117382142e-01 -9.28476697732e-01 7.83999684166e-01
5.00591934426e-01 5.58452255818e-01 -6.52984666476e-01
4.62659253489e-01 4.17931002294e-01 9.88620643499e-01
-2.47977902763e-01 9.25194501842e-01 9.57860786448e-01
-4.74230287352e-01 -6.09519018610e-01 9.72047074685e-01
-8.24780955829e-01 -2.64249690466e-01 3.41539947941e-01
-1.09762661676e-01 -9.45000202369e-01 -6.06067186969e-01
1.75347796257e-01 -9.09962948370e-01 -9.66276548787e-01
-1.67551423967e-01 -3.19088956024e-01 -5.60183996130e-01
3.15708569398e-02 7.44302464064e-02 -3.98821142222e-01
3.00599625940e-01 -1.95864584854e-01 4.58776361988e-01
-1.93799180535e-01 5.95133863201e-01 3.04510365382e-02
6.54905424293e-01 9.52559337929e-01 -5.63675185462e-01
1.21436104701e-01 3.42330919272e-01 -6.95165869638e-01
9.92633549493e-01 4.60336130792e-01 6.30672486327e-01
6.95132804427e-02 4.36238658352e-01 3.13389382005e-01
-2.54855082955e-01 7.16932691502e-01 -5.47550851268e-01
-7.41127473647e-02 5.97681706584e-01 9.58189681153e-01
-6.69160027834e-01 -4.50291319494e-01 -3.68488191333e-01
-3.56750227211e-01 -9.49640052370e-01 1.96215006149e-01
-5.23599449323e-01 -1.20108006112e-01 1.42338468294e-01
-2.98634615400e-01 6.77453449777e-01 -6.99789364682e-01
-6.40772309918e-01 -2.15679397441e-01 -9.58539238180e-01
-2.43921983635e-01 8.19694253532e-01 1.32967130809e-01
1.27015876177e-01 -8.83353777175e-01 2.01014189609e-01
-8.36993876769e-01 -9.06668757045e-01 -8.26796576300e-01
3.81629929590e-01 -7.46705723808e-01 8.34002369472e-02
-4.02240720299e-01 9.76010802191e-01 -6.91097334815e-01
9.43453195944e-02 -9.78630064977e-01 8.71554213516e-01
7.18256602864e-01 3.85417364252e-01 3.25710280019e-03
-9.65557968228e-01 9.77967112315e-01 -6.37154756876e-01
2.11839575885e-01 -4.06743807442e-01 6.60821183427e-01
-6.74265407805e-01 -7.48604705440e-01 -4.71397625968e-01
1.51870448679e-01 -8.43508080972e-02 -7.33215218286e-01
-8.36262569687e-01 5.01507230802e-01 8.82884547060e-01
3.28645142414e-01 -8.69578652023e-01 -7.05845381928e-01
-5.98968131281e-01 6.17101691019e-02 -3.78942334735e-01
9.74965192366e-01 -7.59570311643e-01 7.16183750758e-01
-3.32064297671e-01 5.89452693979e-01 6.72945171442e-01
2.42275415567e-01 -7.81707493487e-01 -7.85272976284e-01
5.73163561324e-01 3.41759352638e-01 -2.17544207916e-01
2.00137247890e-01 3.76367968217e-01 -3.64505922126e-01
3.82267885554e-01 8.53823722272e-01 -4.51368722809e-01
-5.77781510343e-01 2.30559816226e-01 -1.16227298563e-01
-8.16789824430e-01 -6.63535432268e-02 7.94219132417e-01
5.26443773660e-01 8.40490813293e-01 2.24036568414e-01
3.93704018273e-01 4.85682994819e-01 1.68438641899e-01
-1.27546545643e-01 -2.91641234090e-01 -6.33409994484e-01
9.91541746069e-01 -5.72218823979e-01 -1.41770025316e-01
-7.67619219500e-01 -8.21929464034e-01 9.00461992203e-01
-6.44500059841e-01 3.74767292000e-01 -8.93342576871e-01
3.37124603492e-01 -1.05524417528e-01 -8.41078935117e-01
-7.51627164777e-01 5.66822984985e-01 -1.00960544823e-01
-5.65201401508e-01 5.59561920147e-01 -9.73516745480e-01
1.19315642453e-01 -4.06928130149e-01 -4.60496471012e-01
-2.69651560704e-01 -7.67873195823e-01 8.17064750854e-01
-3.60928251110e-01 5.15226908734e-01 -7.47243118355e-01
3.26118497795e-01 8.04651199749e-01 1.23669338005e-01
9.71380359480e-01 4.36020851804e-01 4.59429719699e-02
2.77462963610e-01 -5.01147638774e-01 5.55190458687e-01
2.23788406338e-01 -8.29441283750e-01 -8.96193975534e-01
8.69900865420e-01 -1.32111848859e-01 2.27029095044e-01
-6.98591629834e-01 -2.48508728691e-01 1.54157363416e-01
5.54481915922e-01 -4.49330212292e-01 -2.59144283020e-02
3.29672307395e-01 5.02167399741e-01 2.11311591422e-01
7.97473830077e-01 -2.44155306017e-01 -2.48970501706e-01
4.31984493244e-01 9.46090247457e-01 2.97786392876e-01
7.31553598648e-02 -9.45212274764e-01 -8.53393872200e-01
-1.03571103003e-02 6.75631382352e-01 9.83485691242e-01
-9.25770961645e-01 -8.84046383148e-01 -4.99236817238e-01
4.76783688868e-01 -5.69008333408e-01 8.57848293082e-01
5.23428447323e-01 1.02114732890e-01 -3.39500453947e-01
-4.74290283152e-01 2.91006778968e-01 -1.98731271177e-01
-2.04164019415e-01 -6.03040860781e-01 -7.68077287715e-01
-2.81263162047e-01 2.60165941557e-01 -3.88885685889e-01
9.90014128382e-01 8.22971791878e-01 -1.56028713172e-02
6.44208300227e-02 -8.27991592618e-01 6.80949574188e-01
2.31671470791e-01 -2.17399940462e-01 7.40904210015e-01
7.62883915455e-01 -9.62015758717e-02 -6.17808180683e-01
-6.19840912344e-01 9.93453171101e-01 -7.60853277408e-01
-8.03684513924e-01 5.51566974051e-01 -3.60630668402e-01
-2.32527521547e-02 6.90689653014e-01 6.61494234419e-01
-1.70881601596e-01 -4.63067817252e-01 -3.57251168861e-01
